x               y
399.452262  	71.752267 
400.889141  	70.883727 
402.326019  	70.750795 
403.762898  	70.845706 
405.199776  	70.926907 
406.636655  	70.989795 
408.073534  	70.409357 
409.510412  	69.599988 
410.947291  	70.392050 
412.384170  	71.166215 
413.821048  	70.966994 
415.257927  	71.053097 
416.694806  	71.221864 
418.131684  	71.694061 
419.568563  	71.901015 
421.005441  	70.312713 
422.442320  	70.168866 
423.879199  	70.993155 
425.316077  	71.249092 
426.752956  	71.422022 
428.189835  	71.568361 
429.626713  	71.371229 
431.063592  	71.176732 
432.500471  	71.133363 
433.937349  	71.254561 
435.374228  	71.419737 
436.811106  	71.407499 
438.247985  	71.271712 
439.684864  	71.061309 
441.121742  	71.076870 
442.558621  	71.140294 
443.995500  	70.935276 
445.432378  	70.687007 
446.869257  	70.275685 
448.306136  	70.428538 
449.743014  	70.959217 
451.179893  	70.395952 
452.616772  	69.548782 
454.053650  	69.619735 
455.490529  	69.427933 
456.927407  	69.442167 
458.364286  	69.927869 
459.801165  	69.636647 
461.238043  	69.448581 
462.674922  	69.594080 
464.111801  	69.259092 
465.548679  	68.783551 
466.985558  	68.866082 
468.422437  	69.539798 
469.859315  	69.885911 
471.296194  	69.561869 
472.733072  	69.179013 
474.169951  	69.398230 
475.606830  	69.570665 
477.043708  	69.537977 
478.480587  	69.822586 
479.917466  	70.121937 
481.354344  	69.816687 
482.791223  	69.775641 
484.228102  	70.436617 
485.664980  	70.945418 
487.101859  	71.334516 
488.538738  	71.593676 
489.975616  	71.725645 
491.412495  	72.091758 
492.849373  	72.152575 
494.286252  	72.185658 
495.723131  	72.757980 
497.160009  	72.866274 
498.596888  	72.620906 
500.033767  	72.848645 
501.470645  	73.021323 
502.907524  	73.130076 
504.344403  	73.319062 
505.781281  	73.311842 
507.218160  	73.245515 
508.655038  	73.128464 
510.091917  	73.266172 
511.528796  	73.603051 
512.965674  	73.404423 
514.402553  	73.236205 
515.839432  	73.486596 
517.276310  	73.480046 
518.713189  	73.351694 
520.150068  	73.304163 
521.586946  	73.341720 
523.023825  	73.555661 
524.460704  	73.404999 
525.897582  	73.070410 
527.334461  	73.160488 
528.771339  	73.076359 
530.208218  	72.869375 
531.645097  	73.013836 
533.081975  	73.328420 
534.518854  	73.527838 
535.955733  	73.326134 
537.392611  	72.980186 
538.829490  	72.924109 
540.266369  	72.777327 
541.703247  	72.438951 
543.140126  	72.186743 
544.577004  	71.878829 
546.013883  	71.502297 
547.450762  	71.145680 
548.887640  	70.710773 
550.324519  	70.201013 
551.761398  	69.771209 
553.198276  	69.586103 
554.635155  	69.440168 
556.072034  	69.094053 
557.508912  	68.896142 
558.945791  	69.090543 
560.382670  	69.458996 
561.819548  	69.818392 
563.256427  	70.136320 
564.693305  	70.424710 
566.130184  	70.622614 
567.567063  	70.771065 
569.003941  	70.968633 
570.440820  	71.037545 
571.877699  	71.081005 
573.314577  	71.348473 
574.751456  	71.715386 
576.188335  	72.294099 
577.625213  	73.006406 
579.062092  	73.580453 
580.498970  	74.314345 
581.935849  	75.164388 
583.372728  	75.934446 
584.809606  	76.789258 
586.246485  	77.388034 
587.683364  	77.674888 
589.120242  	78.038675 
590.557121  	78.394812 
591.994000  	78.709687 
593.430878  	79.065697 
594.867757  	79.317950 
596.304636  	79.408244 
597.741514  	79.381174 
599.178393  	79.442657 
600.615271  	79.629506 
602.052150  	79.650981 
603.489029  	79.559400 
604.925907  	79.560112 
606.362786  	79.562331 
607.799665  	79.517319 
609.236543  	79.484270 
610.673422  	79.473838 
612.110301  	79.518162 
613.547179  	79.594486 
614.984058  	79.737750 
616.420936  	79.893780 
617.857815  	80.100138 
619.294694  	80.326674 
620.731572  	80.496517 
622.168451  	80.682796 
623.605330  	80.960020 
625.042208  	81.207754 
626.479087  	81.358677 
627.915966  	81.427833 
629.352844  	81.441072 
630.789723  	81.402689 
632.226602  	81.323576 
633.663480  	81.267391 
635.100359  	81.279249 
636.537237  	81.222769 
637.974116  	81.089706 
639.410995  	81.002921 
640.847873  	80.939382 
642.284752  	80.862092 
643.721631  	80.622110 
645.158509  	80.083844 
646.595388  	79.219202 
648.032267  	78.162246 
649.469145  	77.135425 
650.906024  	76.257716 
652.342902  	76.059872 
653.779781  	76.878346 
655.216660  	78.257434 
656.653538  	79.806647 
658.090417  	80.694030 
659.527296  	81.275412 
660.964174  	81.663887 
662.401053  	81.646281 
663.837932  	81.568469 
665.274810  	81.410137 
666.711689  	81.296773 
668.148568  	81.093485 
669.585446  	80.863995 
671.022325  	80.711799 
672.459203  	80.616418 
673.896082  	80.729017 
675.332961  	80.822686 
676.769839  	80.677752 
678.206718  	80.521952 
679.643597  	80.407778 
681.080475  	80.125481 
682.517354  	79.487722 
683.954233  	78.789714 
685.391111  	78.070165 
686.827990  	77.323929 
688.264868  	76.193603 
689.701747  	75.108034 
691.138626  	74.082867 
692.575504  	73.088780 
694.012383  	72.155738 
695.449262  	71.027030 
696.886140  	69.764905 
698.323019  	68.473000 
699.759898  	66.607009 
701.196776  	64.746538 
702.633655  	62.921127 
704.070533  	61.711516 
705.507412  	61.704821 
706.944291  	62.807844 
708.381169  	64.859050 
709.818048  	67.389795 
711.254927  	69.790313 
712.691805  	72.308920 
714.128684  	74.539046 
715.565563  	76.410038 
717.002441  	78.169628 
718.439320  	78.696780 
719.876199  	79.248106 
721.313077  	79.298668 
722.749956  	79.325692 
724.186834  	78.487864 
725.623713  	77.343594 
727.060592  	75.839760 
728.497470  	74.084439 
729.934349  	71.974261 
731.371228  	69.150593 
732.808106  	65.570098 
734.244985  	61.400719 
735.681864  	57.055352 
737.118742  	53.187210 
738.555621  	50.232734 
739.992499  	48.443787 
741.429378  	47.862133 
742.866257  	48.384303 
744.303135  	49.779300 
745.740014  	51.861833 
747.176893  	54.417852 
748.613771  	57.118223 
750.050650  	59.936697 
751.487529  	62.713976 
752.924407  	65.230432 
754.361286  	67.494554 
755.798165  	69.362615 
757.235043  	70.953993 
758.671922  	72.380142 
760.108800  	73.442059 
761.545679  	74.238568 
762.982558  	74.790820 
764.419436  	75.020620 
765.856315  	75.089193 
767.293194  	75.042886 
768.730072  	75.043829 
770.166951  	75.236882 
771.603830  	75.451752 
773.040708  	75.771037 
774.477587  	76.259598 
775.914465  	76.758564 
777.351344  	77.305838 
778.788223  	77.833156 
780.225101  	78.272858 
781.661980  	78.648659 
783.098859  	78.877774 
784.535737  	79.095891 
785.972616  	79.288959 
787.409495  	79.317321 
788.846373  	79.440276 
790.283252  	79.654259 
791.720131  	79.727349 
793.157009  	79.668372 
794.593888  	79.327103 
796.030766  	78.711002 
797.467645  	78.073195 
798.904524  	77.362954 
800.341402  	76.449787 
801.778281  	75.109288 
803.215160  	72.945462 
804.652038  	70.003189 
806.088917  	66.896688 
807.525796  	64.587957 
808.962674  	63.979262 
810.399553  	65.044340 
811.836431  	67.311459 
813.273310  	70.284853 
814.710189  	73.379237 
816.147067  	76.196564 
817.583946  	78.211645 
819.020825  	79.181757 
820.457703  	79.289919 
821.894582  	78.650397 
823.331461  	77.433734 
824.768339  	75.823824 
826.205218  	73.911286 
827.642097  	72.096975 
829.078975  	70.830359 
830.515854  	70.212526 
831.952732  	70.332672 
833.389611  	71.099126 
834.826490  	72.253566 
836.263368  	73.643697 
837.700247  	75.161615 
839.137126  	76.691184 
840.574004  	78.035984 
842.010883  	79.192084 
843.447762  	80.226103 
844.884640  	81.037256 
846.321519  	81.649953 
847.758397  	82.112122 
849.195276  	82.452673 
850.632155  	82.724302 
852.069033  	82.854045 
853.505912  	82.912997 
854.942791  	82.997777 
856.379669  	83.028738 
857.816548  	83.078120 
859.253427  	83.189240 
860.690305  	83.332476 
862.127184  	83.603832 
863.564063  	83.905454 
865.000941  	84.135307 
866.437820  	84.342330 
867.874698  	84.443788 
869.311577  	84.433316 
870.748456  	84.327302 
872.185334  	84.100527 
873.622213  	83.886917 
875.059092  	83.701286 
876.495970  	83.514449 
877.932849  	83.431620 
879.369728  	83.422164 
880.806606  	83.505000 
882.243485  	83.705909 
883.680363  	83.852812 
885.117242  	83.940769 
886.554121  	83.991652 
887.990999  	83.924259 
889.427878  	83.826844 
890.864757  	83.738646 
892.301635  	83.620665 
893.738514  	83.552365 
895.175393  	83.567946 
896.612271  	83.627970 
898.049150  	83.694047 
899.486029  	83.756813 
900.922907  	83.783699 
902.359786  	83.703812 
903.796664  	83.603209 
905.233543  	83.527543 
906.670422  	83.352477 
908.107300  	83.111229 
909.544179  	82.869458 
910.981058  	82.610102 
912.417936  	82.380450 
913.854815  	82.166552 
915.291694  	82.008631 
916.728572  	81.962202 
918.165451  	81.867403 
919.602329  	81.701513 
921.039208  	81.542724 
922.476087  	81.306523 
923.912965  	81.004244 
925.349844  	80.672797 
926.786723  	80.282693 
928.223601  	79.886626 
929.660480  	79.521604 
931.097359  	79.268825 
932.534237  	79.195459 
933.971116  	79.246291 
935.407995  	79.438329 
936.844873  	79.717599 
938.281752  	80.004429 
939.718630  	80.323577 
941.155509  	80.579241 
942.592388  	80.746877 
944.029266  	80.849790 
945.466145  	80.808217 
946.903024  	80.677278 
948.339902  	80.427571 
949.776781  	79.959206 
951.213660  	79.386171 
952.650538  	78.718438 
954.087417  	77.924269 
955.524295  	77.058538 
956.961174  	75.984662 
958.398053  	74.716655 
959.834931  	73.441449 
961.271810  	72.153239 
962.708689  	70.923851 
964.145567  	69.774324 
965.582446  	68.656022 
967.019325  	67.697307 
968.456203  	66.821566 
969.893082  	66.002138 
971.329961  	65.330515 
972.766839  	64.670290 
974.203718  	64.062365 
975.640596  	63.432269 
977.077475  	62.580455 
978.514354  	61.695366 
979.951232  	60.823458 
981.388111  	60.072799 
982.824990  	59.759257 
984.261868  	59.840786 
985.698747  	60.392619 
987.135626  	61.387779 
988.572504  	62.578731 
990.009383  	64.001715 
991.446261  	65.450567 
992.883140  	66.796851 
994.320019  	68.150345 
995.756897  	69.292415 
997.193776  	70.185262 
998.630655  	70.889682 
1000.067533  	71.263690 
1001.504412  	71.366581 
1002.941291  	71.233858 
1004.378169  	70.863519 
1005.815048  	70.299149 
1007.251926  	69.329699 
1008.688805  	67.993201 
1010.125684  	66.783362 
1011.562562  	66.156655 
1012.999441  	66.215282 
1014.436320  	66.430556 
1015.873198  	66.471732 
1017.310077  	66.478064 
1018.746956  	66.249539 
1020.183834  	65.762460 
1021.620713  	65.169468 
1023.057592  	64.349507 
1024.494470  	63.446581 
1025.931349  	62.454616 
1027.368227  	61.214931 
1028.805106  	59.902134 
1030.241985  	58.355046 
1031.678863  	56.504405 
1033.115742  	54.526402 
1034.552621  	52.276196 
1035.989499  	50.110848 
1037.426378  	48.390137 
1038.863257  	47.127752 
1040.300135  	46.730868 
1041.737014  	46.975979 
1043.173892  	47.486070 
1044.610771  	48.232598 
1046.047650  	48.769331 
1047.484528  	49.140535 
1048.921407  	49.439799 
1050.358286  	49.381516 
1051.795164  	49.195752 
1053.232043  	48.775319 
1054.668922  	47.966122 
1056.105800  	47.063640 
1057.542679  	45.858478 
1058.979558  	44.482660 
1060.416436  	43.198047 
1061.853315  	41.806188 
1063.290193  	40.721909 
1064.727072  	39.996257 
1066.163951  	39.511413 
1067.600829  	39.718705 
1069.037708  	40.321983 
1070.474587  	41.268626 
1071.911465  	42.733462 
1073.348344  	44.300821 
1074.785223  	46.142029 
1076.222101  	48.254578 
1077.658980  	50.448199 
1079.095858  	52.998317 
1080.532737  	55.673871 
1081.969616  	58.334423 
1083.406494  	61.004570 
1084.843373  	63.377686 
1086.280252  	65.446560 
1087.717130  	67.170790 
1089.154009  	68.418679 
1090.590888  	69.243253 
1092.027766  	69.536121 
1093.464645  	69.317984 
1094.901524  	68.741076 
1096.338402  	67.784147 
1097.775281  	66.576127 
1099.212159  	65.134754 
1100.649038  	63.397952 
1102.085917  	61.569795 
1103.522795  	59.524390 
1104.959674  	57.261740 
1106.396553  	55.064660 
1107.833431  	52.773086 
1109.270310  	50.550742 
1110.707189  	48.543558 
1112.144067  	46.586124 
1113.580946  	45.017449 
1115.017824  	43.768801 
1116.454703  	42.787356 
1117.891582  	42.356193 
1119.328460  	42.140302 
1120.765339  	42.250497 
1122.202218  	42.766985 
1123.639096  	43.308012 
1125.075975  	44.086496 
1126.512854  	44.923883 
1127.949732  	45.595770 
1129.386611  	46.323934 
1130.823490  	46.834529 
1132.260368  	47.194219 
1133.697247  	47.562178 
1135.134125  	47.710051 
1136.571004  	47.947096 
1138.007883  	48.370182 
1139.444761  	48.956247 
1140.881640  	50.050680 
1142.318519  	51.543473 
1143.755397  	53.494732 
1145.192276  	56.009397 
1146.629155  	58.789184 
1148.066033  	61.770326 
1149.502912  	64.716492 
1150.939790  	67.364985 
1152.376669  	69.668320 
1153.813548  	71.407807 
1155.250426  	72.480985 
1156.687305  	72.924899 
1158.124184  	72.747623 
1159.561062  	72.016723 
1160.997941  	70.747313 
1162.434820  	69.072499 
1163.871698  	67.327945 
1165.308577  	65.618356 
1166.745456  	64.061233 
1168.182334  	62.685065 
1169.619213  	61.141797 
1171.056091  	59.404345 
1172.492970  	57.453935 
1173.929849  	55.202747 
1175.366727  	52.953037 
1176.803606  	50.645709 
1178.240485  	48.347693 
1179.677363  	46.475600 
1181.114242  	45.012651 
1182.551121  	44.306221 
1183.987999  	44.437749 
1185.424878  	44.967882 
1186.861756  	45.976346 
1188.298635  	47.180072 
1189.735514  	48.376370 
1191.172392  	49.744373 
1192.609271  	51.014401 
1194.046150  	52.241625 
1195.483028  	53.493269 
1196.919907  	54.591585 
1198.356786  	55.757731 
1199.793664  	56.924729 
1201.230543  	58.010942 
1202.667422  	59.177352 
1204.104300  	60.242670 
1205.541179  	61.228806 
1206.978057  	62.190385 
1208.414936  	62.978411 
1209.851815  	63.681765 
1211.288693  	64.242367 
1212.725572  	64.610608 
1214.162451  	64.877179 
1215.599329  	64.921146 
1217.036208  	64.794575 
1218.473087  	64.508714 
1219.909965  	63.904258 
1221.346844  	63.091509 
1222.783722  	62.032993 
1224.220601  	60.666237 
1225.657480  	59.125558 
1227.094358  	57.312976 
1228.531237  	55.355144 
1229.968116  	53.377745 
1231.404994  	51.222040 
1232.841873  	49.130486 
1234.278752  	47.054492 
1235.715630  	44.858114 
1237.152509  	42.840342 
1238.589388  	40.756899 
1240.026266  	38.668314 
1241.463145  	36.842504 
1242.900023  	35.006541 
1244.336902  	33.547224 
1245.773781  	32.497552 
1247.210659  	31.576853 
1248.647538  	31.216567 
1250.084417  	31.097026 
1251.521295  	31.149589 
1252.958174  	31.634643 
1254.395053  	32.043107 
1255.831931  	32.628269 
1257.268810  	33.385749 
1258.705688  	33.908248 
1260.142567  	34.668594 
1261.579446  	35.430931 
1263.016324  	36.032684 
1264.453203  	36.792460 
1265.890082  	37.317024 
1267.326960  	37.814214 
1268.763839  	38.355656 
1270.200718  	38.585596 
1271.637596  	38.928077 
1273.074475  	39.207595 
1274.511353  	39.334069 
1275.948232  	39.692863 
1277.385111  	39.922188 
1278.821989  	40.208607 
1280.258868  	40.713133 
1281.695747  	41.103975 
1283.132625  	41.748710 
1284.569504  	42.519128 
1286.006383  	43.320721 
1287.443261  	44.560388 
1288.880140  	45.908278 
1290.317019  	47.403852 
1291.753897  	49.173905 
1293.190776  	50.885484 
1294.627654  	52.711557 
1296.064533  	54.563681 
1297.501412  	56.359241 
1298.938290  	58.381408 
1300.375169  	60.457336 
1301.812048  	62.642042 
1303.248926  	65.049114 
1304.685805  	67.322215 
1306.122684  	69.734560 
1307.559562  	71.851950 
1308.996441  	73.893798 
1310.433319  	75.807609 
1311.870198  	77.046307 
1313.307077  	78.108530 
1314.743955  	79.002409 
1316.180834  	79.633150 
1317.617713  	80.094437 
1319.054591  	80.572223 
1320.491470  	81.142318 
1321.928349  	81.760576 
1323.365227  	82.441537 
1324.802106  	83.130783 
1326.238985  	83.866924 
1327.675863  	84.442932 
1329.112742  	84.995646 
1330.549620  	85.536935 
1331.986499  	86.051700 
1333.423378  	86.541906 
1334.860256  	86.791273 
1336.297135  	86.982890 
1337.734014  	87.138058 
1339.170892  	87.344535 
1340.607771  	87.568888 
1342.044650  	87.842357 
1343.481528  	88.073792 
1344.918407  	88.269434 
1346.355285  	88.496895 
1347.792164  	88.646547 
1349.229043  	88.764033 
1350.665921  	88.922160 
1352.102800  	89.053222 
1353.539679  	89.021035 
1354.976557  	89.005179 
1356.413436  	88.936825 
1357.850315  	88.822372 
1359.287193  	88.579541 
1360.724072  	88.219233 
1362.160951  	87.887289 
1363.597829  	87.619718 
1365.034708  	87.524735 
1366.471586  	87.468249 
1367.908465  	87.443165 
1369.345344  	87.484579 
1370.782222  	87.529646 
1372.219101  	87.528742 
1373.655980  	87.541737 
1375.092858  	87.593763 
1376.529737  	87.636077 
1377.966616  	87.625925 
1379.403494  	87.541479 
1380.840373  	87.475491 
1382.277251  	87.377551 
1383.714130  	87.246238 
1385.151009  	87.180954 
1386.587887  	87.114812 
1388.024766  	87.132536 
1389.461645  	87.156528 
1390.898523  	86.999715 
1392.335402  	86.435139 
1393.772281  	85.863653 
1395.209159  	85.126634 
1396.646038  	84.407971 
1398.082917  	83.701593 
1399.519795  	82.990534 
1400.956674  	82.264879 
1402.393552  	81.286721 
1403.830431  	79.523014 
1405.267310  	77.216281 
1406.704188  	75.047731 
1408.141067  	74.103034 
1409.577946  	74.151247 
1411.014824  	75.080811 
1412.451703  	77.186028 
1413.888582  	79.420575 
1415.325460  	81.621787 
1416.762339  	83.873726 
1418.199217  	85.670243 
1419.636096  	87.845802 
1421.072975  	89.188040 
1422.509853  	89.574220 
1423.946732  	90.022082 
1425.383611  	90.140055 
1426.820489  	89.539805 
1428.257368  	89.267222 
1429.694247  	88.730551 
1431.131125  	88.353641 
1432.568004  	87.955470 
1434.004883  	87.425682 
1435.441761  	87.026829 
1436.878640  	86.407063 
1438.315518  	85.939517 
1439.752397  	85.514480 
1441.189276  	84.812295 
1442.626154  	84.115328 
1444.063033  	83.386075 
1445.499912  	82.375868 
1446.936790  	81.828524 
1448.373669  	81.823150 
1449.810548  	82.515907 
1451.247426  	83.261587 
1452.684305  	83.958778 
1454.121183  	84.483022 
1455.558062  	84.591765 
1456.994941  	84.874974 
1458.431819  	85.734418 
1459.868698  	86.071842 
1461.305577  	86.561458 
1462.742455  	86.947865 
1464.179334  	87.345850 
1465.616213  	88.113158 
1467.053091  	88.559910 
1468.489970  	88.975272 
1469.926849  	89.438391 
1471.363727  	89.691065 
1472.800606  	90.352278 
1474.237484  	91.006669 
1475.674363  	91.282280 
1477.111242  	92.030071 
1478.548120  	92.595856 
1479.984999  	92.856043 
1481.421878  	93.065357 
1482.858756  	92.899406 
1484.295635  	92.591566 
1485.732514  	92.165714 
1487.169392  	91.431540 
1488.606271  	90.806377 
1490.043149  	90.514312 
1491.480028  	90.930904 
1492.916907  	91.553288 
1494.353785  	91.919749 
1495.790664  	92.169062 
1497.227543  	92.161133 
1498.664421  	91.377295 
1500.101300  	90.154091 
1501.538179  	88.563377 
1502.975057  	86.485171 
1504.411936  	84.428805 
1505.848815  	82.575095 
1507.285693  	78.055861 
1508.722572  	76.383083 
1510.159450  	76.617485 
1511.596329  	77.359723 
1513.033208  	80.143784 
1514.470086  	83.123299 
1515.906965  	85.594458 
1517.343844  	89.708642 
1518.780722  	92.000721 
1520.217601  	92.799454 
1521.654480  	94.597218 
1523.091358  	95.371230 
1524.528237  	95.539031 
1525.965115  	95.974543 
1527.401994  	96.201576 
1528.838873  	96.571618 
1530.275751  	96.798653 
1531.712630  	96.842411 
1533.149509  	97.007242 
1534.586387  	97.090141 
1536.023266  	97.121127 
1537.460145  	97.237262 
1538.897023  	97.236997 
1540.333902  	97.207480 
1541.770780  	97.185115 
1543.207659  	97.050639 
1544.644538  	97.073032 
1546.081416  	97.228562 
1547.518295  	97.383720 
1548.955174  	97.295275 
1550.392052  	97.091919 
1551.828931  	97.061422 
1553.265810  	97.233739 
1554.702688  	97.145612 
1556.139567  	97.203790 
1557.576446  	97.244991 
1559.013324  	96.594388 
1560.450203  	96.588845 
1561.887081  	96.631865 
1563.323960  	96.709080 
1564.760839  	96.607004 
1566.197717  	96.332185 
1567.634596  	96.284159 
1569.071475  	95.975625 
1570.508353  	95.490436 
1571.945232  	95.162229 
1573.382111  	94.801947 
1574.818989  	93.894928 
1576.255868  	92.032628 
1577.692746  	88.818704 
1579.129625  	87.687823 
1580.566504  	87.148844 
1582.003382  	87.510607 
1583.440261  	89.085229 
1584.877140  	90.574177 
1586.314018  	92.040578 
1587.750897  	93.397571 
1589.187776  	93.074636 
1590.624654  	93.193219 
1592.061533  	93.160930 
1593.498412  	92.071533 
1594.935290  	90.557299 
1596.372169  	88.777022 
1597.809047  	87.557255 
1599.245926  	86.732450 
1600.682805  	86.747961 
1602.119683  	87.275453 
1603.556562  	87.815217 
1604.993441  	88.149899 
1606.430319  	88.296422 
1607.867198  	88.269939 
1609.304077  	88.500845 
1610.740955  	88.855003 
1612.177834  	89.067720 
1613.614712  	89.266982 
1615.051591  	89.281845 
1616.488470  	89.282101 
1617.925348  	89.418172 
1619.362227  	89.484677 
1620.799106  	89.719797 
1622.235984  	90.041289 
1623.672863  	90.450625 
1625.109742  	90.806707 
1626.546620  	90.832558 
1627.983499  	90.637060 
1629.420378  	90.343492 
1630.857256  	89.953753 
1632.294135  	88.811955 
1633.731013  	87.898396 
1635.167892  	87.299084 
1636.604771  	87.768038 
1638.041649  	88.543481 
1639.478528  	89.399483 
1640.915407  	90.710929 
1642.352285  	91.723177 
1643.789164  	92.617489 
1645.226043  	93.183511 
1646.662921  	93.192464 
1648.099800  	93.913454 
1649.536678  	93.767146 
1650.973557  	93.648990 
1652.410436  	93.994091 
1653.847314  	92.763033 
1655.284193  	93.424569 
1656.721072  	93.672610 
1658.157950  	93.408737 
1659.594829  	93.494063 
1661.031708  	93.328359 
1662.468586  	93.101322 
1663.905465  	93.035741 
1665.342344  	92.688313 
1666.779222  	92.407600 
1668.216101  	92.178509 
1669.652979  	91.543003 
1671.089858  	91.268626 
1672.526737  	90.806384 
1673.963615  	90.280217 
1675.400494  	90.050347 
1676.837373  	89.335774 
1678.274251  	88.816911 
1679.711130  	88.027517 
1681.148009  	86.815399 
1682.584887  	86.357072 
1684.021766  	86.084770 
1685.458644  	83.825181 
1686.895523  	83.454679 
1688.332402  	82.040980 
1689.769280  	80.595052 
1691.206159  	79.557486 
1692.643038  	77.666551 
1694.079916  	76.035407 
1695.516795  	74.474018 
1696.953674  	70.243460 
1698.390552  	68.622006 
1699.827431  	66.109115 
1701.264310  	60.409828 
1702.701188  	58.258741 
1704.138067  	54.857357 
1705.574945  	51.367435 
1707.011824  	48.427259 
1708.448703  	44.736187 
1709.885581  	42.360340 
1711.322460  	39.796048 
1712.759339  	36.840456 
1714.196217  	35.483441 
1715.633096  	33.357390 
1717.069975  	31.349172 
1718.506853  	32.154976 
1719.943732  	31.162181 
1721.380610  	31.120541 
1722.817489  	32.026834 
1724.254368  	32.717027 
1725.691246  	34.400593 
1727.128125  	36.133618 
1728.565004  	37.552625 
1730.001882  	40.240134 
1731.438761  	42.511561 
1732.875640  	43.623945 
1734.312518  	47.462226 
1735.749397  	50.944226 
1737.186276  	52.377721 
1738.623154  	54.633612 
1740.060033  	57.370421 
1741.496911  	60.021927 
1742.933790  	62.473128 
1744.370669  	64.946692 
1745.807547  	67.734263 
1747.244426  	70.110418 
1748.681305  	72.586278 
1750.118183  	75.643488 
1751.555062  	78.083186 
1752.991941  	80.706717 
1754.428819  	83.019365 
1755.865698  	84.431482 
1757.302576  	86.308698 
1758.739455  	88.245991 
1760.176334  	89.255049 
1761.613212  	90.962396 
1763.050091  	92.345834 
1764.486970  	93.478201 
1765.923848  	94.786101 
1767.360727  	95.176429 
1768.797606  	95.668112 
1770.234484  	96.348668 
1771.671363  	96.432012 
1773.108242  	97.165626 
1774.545120  	97.380667 
1775.981999  	97.297159 
1777.418877  	97.805460 
1778.855756  	97.902204 
1780.292635  	98.142086 
1781.729513  	98.524175 
1783.166392  	98.680593 
1784.603271  	99.022025 
1786.040149  	99.289934 
1787.477028  	99.425371 
1788.913907  	99.629327 
1790.350785  	99.625096 
1791.787664  	99.603224 
1793.224542  	99.861335 
1794.661421  	99.771333 
1796.098300  	99.881009 
1797.535178  	99.999704 
1798.972057  	99.980312 
1800.408936  	100.187203 
1801.845814  	100.149262 
1803.282693  	100.163046 
1804.719572  	100.412433 
1806.156450  	100.410846 
1807.593329  	100.469291 
1809.030207  	100.554739 
1810.467086  	100.473525 
1811.903965  	100.634400 
1813.340843  	100.648454 
1814.777722  	100.632125 
1816.214601  	100.756532 
1817.651479  	100.675216 
1819.088358  	100.749196 
1820.525237  	100.858502 
1821.962115  	100.742659 
1823.398994  	100.885552 
1824.835873  	100.958263 
1826.272751  	100.871062 
1827.709630  	101.006709 
1829.146508  	100.891903 
1830.583387  	100.831914 
1832.020266  	100.964128 
1833.457144  	100.883620 
1834.894023  	100.981879 
1836.330902  	101.035983 
1837.767780  	101.001920 
1839.204659  	101.142119 
1840.641538  	101.075684 
1842.078416  	101.093325 
1843.515295  	101.261573 
1844.952173  	101.026728 
1846.389052  	101.070322 
1847.825931  	101.065280 
1849.262809  	100.953233 
1850.699688  	101.108144 
1852.136567  	101.075136 
1853.573445  	100.969311 
1855.010324  	101.170886 
1856.447203  	101.049531 
1857.884081  	101.268095 
1859.320960  	101.393079 
1860.757839  	101.187667 
1862.194717  	101.427808 
1863.631596  	101.350779 
1865.068474  	101.318883 
1866.505353  	101.483438 
1867.942232  	101.254817 
1869.379110  	101.239905 
1870.815989  	101.313720 
1872.252868  	101.153921 
1873.689746  	101.269233 
1875.126625  	101.267678 
1876.563504  	101.212698 
1878.000382  	101.367866 
1879.437261  	101.234195 
1880.874139  	101.323241 
1882.311018  	101.473683 
1883.747897  	101.313487 
1885.184775  	101.485644 
1886.621654  	101.454226 
1888.058533  	101.353968 
1889.495411  	101.539504 
1890.932290  	101.408576 
1892.369169  	101.387109 
1893.806047  	101.449995 
1895.242926  	101.295230 
1896.679805  	101.440090 
1898.116683  	101.454312 
1899.553562  	101.335858 
1900.990440  	101.480498 
1902.427319  	101.435765 
1903.864198  	101.523830 
1905.301076  	101.704681 
1906.737955  	101.580461 
1908.174834  	101.665521 
1909.611712  	101.635493 
1911.048591  	101.545646 
1912.485470  	101.796591 
1913.922348  	101.700562 
1915.359227  	101.556185 
1916.796105  	101.735663 
1918.232984  	101.567215 
1919.669863  	101.671444 
1921.106741  	101.764441 
1922.543620  	101.606232 
1923.980499  	101.737473 
1925.417377  	101.582899 
1926.854256  	101.518180 
1928.291135  	101.776890 
1929.728013  	101.829144 
1931.164892  	101.903120 
1932.601771  	101.946818 
1934.038649  	101.748905 
1935.475528  	101.932503 
1936.912406  	101.834373 
1938.349285  	101.708516 
1939.786164  	101.880929 
1941.223042  	101.711598 
1942.659921  	101.858762 
1944.096800  	101.989639 
1945.533678  	101.708787 
1946.970557  	101.856306 
1948.407436  	101.841277 
1949.844314  	101.690311 
1951.281193  	102.066913 
1952.718071  	101.675314 
1954.154950  	101.828407 
1955.591829  	102.203347 
1957.028707  	101.702653 
1958.465586  	101.986326 
1959.902465  	102.091410 
1961.339343  	101.934030 
1962.776222  	102.471122 
1964.213101  	102.094021 
1965.649979  	102.122421 
1967.086858  	102.513458 
1968.523737  	101.942903 
1969.960615  	102.419335 
1971.397494  	102.394484 
1972.834372  	101.968414 
1974.271251  	102.496218 
1975.708130  	102.328746 
1977.145008  	102.311942 
1978.581887  	102.482348 
1980.018766  	101.871958 
1981.455644  	102.162944 
1982.892523  	102.160484 
1984.329402  	101.806443 
1985.766280  	102.200212 
1987.203159  	102.087597 
1988.640037  	102.007338 
1990.076916  	102.359499 
1991.513795  	102.211214 
1992.950673  	102.310538 
1994.387552  	102.347907 
1995.824431  	102.107233 
1997.261309  	102.447256 
1998.698188  	102.098158 
2000.135067  	102.057144 
2001.571945  	102.744765 
2003.008824  	102.151705 
2004.445703  	102.255111 
2005.882581  	102.572828 
2007.319460  	102.190088 
2008.756338  	102.752939 
2010.193217  	102.347218 
2011.630096  	102.193805 
2013.066974  	102.855939 
2014.503853  	102.137650 
2015.940732  	102.469427 
2017.377610  	102.790753 
2018.814489  	101.953531 
2020.251368  	102.788021 
2021.688246  	102.799307 
2023.125125  	102.322630 
2024.562003  	102.839691 
2025.998882  	102.228388 
2027.435761  	102.549951 
2028.872639  	102.905750 
2030.309518  	101.961331 
2031.746397  	102.578617 
2033.183275  	102.634182 
2034.620154  	102.243090 
2036.057033  	102.773237 
2037.493911  	101.962216 
2038.930790  	101.959663 
2040.367669  	102.489710 
2041.804547  	101.908519 
2043.241426  	102.249004 
2044.678304  	102.100272 
2046.115183  	101.752981 
2047.552062  	102.460832 
2048.988940  	102.142677 
2050.425819  	102.083033 
2051.862698  	102.326582 
2053.299576  	101.757998 
2054.736455  	102.003618 
2056.173334  	102.159127 
2057.610212  	101.882332 
2059.047091  	102.221550 
2060.483969  	101.914992 
2061.920848  	101.771186 
2063.357727  	102.140573 
2064.794605  	101.842996 
2066.231484  	102.015663 
2067.668363  	102.191537 
2069.105241  	101.905834 
2070.542120  	102.063124 
2071.978999  	101.917446 
2073.415877  	101.960606 
2074.852756  	102.225904 
2076.289635  	101.848695 
2077.726513  	102.037017 
2079.163392  	102.276759 
2080.600270  	101.957299 
2082.037149  	102.106238 
2083.474028  	102.064826 
2084.910906  	101.959131 
2086.347785  	102.097746 
2087.784664  	101.886398 
2089.221542  	102.108726 
2090.658421  	102.283320 
2092.095300  	101.973617 
2093.532178  	102.194213 
2094.969057  	102.162830 
2096.405935  	102.004583 
2097.842814  	102.301209 
2099.279693  	102.122185 
2100.716571  	102.159736 
2102.153450  	102.391248 
2103.590329  	102.216643 
2105.027207  	102.391758 
2106.464086  	102.307776 
2107.900965  	102.113922 
2109.337843  	102.391267 
2110.774722  	102.203193 
2112.211600  	102.163067 
2113.648479  	102.378791 
2115.085358  	102.151239 
2116.522236  	102.276139 
2117.959115  	102.341618 
2119.395994  	102.215785 
2120.832872  	102.540173 
2122.269751  	102.518403 
2123.706630  	102.508099 
2125.143508  	102.718051 
2126.580387  	102.469983 
2128.017266  	102.611754 
2129.454144  	102.801216 
2130.891023  	102.641253 
2132.327901  	102.909883 
2133.764780  	102.853213 
2135.201659  	102.865709 
2136.638537  	103.228799 
2138.075416  	102.823900 
2139.512295  	102.761129 
2140.949173  	102.854861 
2142.386052  	102.694928 
2143.822931  	103.272226 
2145.259809  	103.273561 
2146.696688  	103.055351 
2148.133566  	103.374663 
2149.570445  	103.066185 
2151.007324  	103.445547 
2152.444202  	103.874392 
2153.881081  	103.341851 
2155.317960  	103.557463 
2156.754838  	103.353960 
2158.191717  	103.402785 
2159.628596  	104.153301 
2161.065474  	102.998133 
2162.502353  	102.876740 
2163.939232  	103.185522 
2165.376110  	102.474769 
2166.812989  	102.832187 
2168.249867  	102.740750 
2169.686746  	102.278494 
2171.123625  	102.740219 
2172.560503  	102.719053 
2173.997382  	102.907847 
2175.434261  	103.029157 
2176.871139  	102.428656 
2178.308018  	102.733159 
2179.744897  	102.757843 
2181.181775  	102.401648 
2182.618654  	102.610495 
2184.055532  	102.239048 
2185.492411  	102.303052 
2186.929290  	102.656304 
2188.366168  	102.446544 
2189.803047  	102.769275 
2191.239926  	102.605342 
2192.676804  	102.250725 
2194.113683  	102.714406 
2195.550562  	102.637234 
2196.987440  	102.645426 
2198.424319  	102.754156 
2199.861198  	102.334413 
2201.298076  	102.646076 
2202.734955  	102.741365 
2204.171833  	102.514994 
2205.608712  	102.916464 
2207.045591  	102.603020 
2208.482469  	102.336496 
2209.919348  	102.620465 
2211.356227  	102.433064 
2212.793105  	102.663088 
2214.229984  	102.738309 
2215.666863  	102.408326 
2217.103741  	102.682571 
2218.540620  	102.493256 
2219.977498  	102.312363 
2221.414377  	102.669760 
2222.851256  	102.468223 
2224.288134  	102.502504 
2225.725013  	102.676934 
2227.161892  	102.527677 
2228.598770  	102.769546 
2230.035649  	102.611295 
2231.472528  	102.308416 
2232.909406  	102.471393 
2234.346285  	102.352080 
2235.783164  	102.462233 
2237.220042  	102.654054 
2238.656921  	102.453544 
2240.093799  	102.526401 
2241.530678  	102.484270 
2242.967557  	102.406315 
2244.404435  	102.460278 
2245.841314  	102.169349 
2247.278193  	102.257356 
2248.715071  	102.398761 
2250.151950  	102.129133 
2251.588829  	102.213516 
2253.025707  	102.224718 
2254.462586  	102.148086 
2255.899464  	102.253164 
2257.336343  	102.208071 
2258.773222  	102.275114 
2260.210100  	102.384516 
2261.646979  	102.212060 
2263.083858  	102.233915 
2264.520736  	102.303007 
2265.957615  	102.236112 
2267.394494  	102.300082 
2268.831372  	102.267945 
2270.268251  	102.241100 
2271.705130  	102.275955 
2273.142008  	102.216527 
2274.578887  	102.284536 
2276.015765  	102.314192 
2277.452644  	102.227018 
2278.889523  	102.302985 
2280.326401  	102.305544 
2281.763280  	102.274374 
2283.200159  	102.285591 
2284.637037  	102.207415 
2286.073916  	102.263374 
2287.510795  	102.326662 
2288.947673  	102.262279 
2290.384552  	102.260774 
2291.821430  	102.256921 
2293.258309  	102.257717 
2294.695188  	102.183825 
2296.132066  	102.241044 
2297.568945  	102.257660 
2299.005824  	102.109927 
2300.442702  	102.029936 
2301.879581  	102.124282 
2303.316460  	102.117248 
2304.753338  	102.045234 
2306.190217  	102.146038 
2307.627096  	102.135510 
2309.063974  	102.149929 
2310.500853  	102.172951 
2311.937731  	102.118409 
2313.374610  	102.255493 
2314.811489  	102.291417 
2316.248367  	102.201254 
2317.685246  	102.208332 
2319.122125  	102.118141 
2320.559003  	102.136553 
2321.995882  	102.211790 
2323.432761  	102.126294 
2324.869639  	102.147057 
2326.306518  	102.147964 
2327.743396  	102.188602 
2329.180275  	102.301079 
2330.617154  	102.142290 
2332.054032  	102.142331 
2333.490911  	102.329609 
2334.927790  	102.277908 
2336.364668  	102.316097 
2337.801547  	102.291051 
2339.238426  	102.118960 
2340.675304  	102.131582 
2342.112183  	102.055147 
2343.549062  	102.008348 
2344.985940  	102.044805 
2346.422819  	101.937388 
2347.859697  	101.987977 
2349.296576  	102.054747 
2350.733455  	102.090341 
2352.170333  	102.268358 
2353.607212  	102.311899 
2355.044091  	102.382254 
2356.480969  	102.590043 
2357.917848  	102.443023 
2359.354727  	102.367275 
2360.791605  	102.311253 
2362.228484  	102.062275 
2363.665362  	102.082813 
2365.102241  	102.046910 
2366.539120  	102.007748 
2367.975998  	102.113822 
2369.412877  	102.013588 
2370.849756  	101.998894 
2372.286634  	101.999149 
2373.723513  	101.905267 
2375.160392  	101.963052 
2376.597270  	101.945068 
2378.034149  	101.935778 
2379.471027  	102.014354 
2380.907906  	101.976801 
2382.344785  	102.010455 
2383.781663  	102.064377 
2385.218542  	102.075328 
2386.655421  	102.216751 
2388.092299  	102.248970 
2389.529178  	102.208991 
2390.966057  	102.293988 
2392.402935  	102.294850 
2393.839814  	102.309023 
2395.276693  	102.360142 
2396.713571  	102.318575 
2398.150450  	102.333795 
2399.587328  	102.296058 
2401.024207  	102.270716 
2402.461086  	102.381263 
2403.897964  	102.362337 
2405.334843  	102.358541 
2406.771722  	102.413676 
2408.208600  	102.351820 
2409.645479  	102.375671 
2411.082358  	102.363041 
2412.519236  	102.312668 
2413.956115  	102.416090 
2415.392993  	102.405348 
2416.829872  	102.395751 
2418.266751  	102.497694 
2419.703629  	102.475665 
2421.140508  	102.473144 
2422.577387  	102.436074 
2424.014265  	102.375930 
2425.451144  	102.485542 
2426.888023  	102.487582 
2428.324901  	102.453990 
2429.761780  	102.508186 
2431.198659  	102.452715 
2432.635537  	102.470780 
2434.072416  	102.469415 
2435.509294  	102.382389 
2436.946173  	102.465186 
2438.383052  	102.471764 
2439.819930  	102.443503 
2441.256809  	102.542585 
2442.693688  	102.505323 
2444.130566  	102.491408 
2445.567445  	102.519867 
2447.004324  	102.460812 
2448.441202  	102.512254 
2449.878081  	102.503791 
2451.314959  	102.435109 
2452.751838  	102.467299 
2454.188717  	102.435582 
2455.625595  	102.478367 
2457.062474  	102.555765 
2458.499353  	102.523037 
2459.936231  	102.588040 
2461.373110  	102.594328 
2462.809989  	102.526846 
2464.246867  	102.554407 
2465.683746  	102.491393 
2467.120625  	102.453442 
2468.557503  	102.468871 
2469.994382  	102.424065 
2471.431260  	102.501408 
2472.868139  	102.544094 
2474.305018  	102.514900 
2475.741896  	102.540313 
2477.178775  	102.443566 
2478.615654  	102.425589 
2480.052532  	102.497170 
2481.489411  	102.427224 
2482.926290  	102.459852 
2484.363168  	102.497729 
2485.800047  	102.438895 
2487.236925  	102.475817 
2488.673804  	102.419000 
2490.110683  	102.353926 
2491.547561  	102.410231 
2492.984440  	102.396076 
2494.421319  	102.399390 
2495.858197  	102.387625 
2497.295076  	102.370267 
2498.731955  	102.442251 
2500.168833  	102.395304 
2501.605712  	102.401393 
2503.042591  	102.509023 
2504.479469  	102.458426 
2505.916348  	102.477134 
2507.353226  	102.505360 
2508.790105  	102.413566 
2510.226984  	102.437464 
2511.663862  	102.404255 
2513.100741  	102.324039 
2514.537620  	102.359067 
2515.974498  	102.360862 
2517.411377  	102.418224 
2518.848256  	102.447077 
2520.285134  	102.377394 
2521.722013  	102.413867 
2523.158891  	102.385836 
2524.595770  	102.341540 
2526.032649  	102.403741 
2527.469527  	102.376967 
2528.906406  	102.411500 
2530.343285  	102.445075 
2531.780163  	102.357209 
2533.217042  	102.394499 
2534.653921  	102.389924 
2536.090799  	102.349285 
2537.527678  	102.434905 
2538.964557  	102.410478 
2540.401435  	102.404460 
2541.838314  	102.434516 
2543.275192  	102.339925 
2544.712071  	102.352973 
2546.148950  	102.361123 
2547.585828  	102.311386 
2549.022707  	102.352175 
2550.459586  	102.289768 
2551.896464  	102.273532 
2553.333343  	102.349734 
2554.770222  	102.291243 
2556.207100  	102.307044 
2557.643979  	102.341859 
2559.080857  	102.289926 
2560.517736  	102.325114 
2561.954615  	102.320920 
2563.391493  	102.323361 
2564.828372  	102.355405 
2566.265251  	102.278538 
2567.702129  	102.303370 
2569.139008  	102.340225 
2570.575887  	102.270808 
2572.012765  	102.297284 
2573.449644  	102.301262 
2574.886523  	102.295813 
2576.323401  	102.334129 
2577.760280  	102.268274 
2579.197158  	102.264702 
2580.634037  	102.300368 
2582.070916  	102.266478 
2583.507794  	102.283815 
2584.944673  	102.247489 
2586.381552  	102.227281 
2587.818430  	102.276705 
2589.255309  	102.224130 
2590.692188  	102.234977 
2592.129066  	102.272606 
2593.565945  	102.206648 
2595.002823  	102.219716 
2596.439702  	102.221689 
2597.876581  	102.207058 
2599.313459  	102.251703 
2600.750338  	102.198788 
2602.187217  	102.195732 
2603.624095  	102.265217 
2605.060974  	102.233453 
2606.497853  	102.226264 
2607.934731  	102.224375 
2609.371610  	102.205915 
2610.808489  	102.234434 
2612.245367  	102.217502 
2613.682246  	102.231734 
2615.119124  	102.256297 
2616.556003  	102.224194 
2617.992882  	102.270305 
2619.429760  	102.285869 
2620.866639  	102.258200 
2622.303518  	102.298633 
2623.740396  	102.277236 
2625.177275  	102.280224 
2626.614154  	102.339715 
2628.051032  	102.304729 
2629.487911  	102.286726 
2630.924789  	102.296121 
2632.361668  	102.302641 
2633.798547  	102.352460 
2635.235425  	102.332501 
2636.672304  	102.311155 
2638.109183  	102.345420 
2639.546061  	102.335750 
2640.982940  	102.349677 
2642.419819  	102.348225 
2643.856697  	102.310762 
2645.293576  	102.337728 
2646.730454  	102.340440 
2648.167333  	102.331746 
2649.604212  	102.351592 
2651.041090  	102.333734 
2652.477969  	102.355341 
2653.914848  	102.377533 
2655.351726  	102.359218 
2656.788605  	102.385597 
2658.225484  	102.378641 
2659.662362  	102.364724 
2661.099241  	102.393748 
2662.536120  	102.371318 
2663.972998  	102.375047 
2665.409877  	102.410925 
2666.846755  	102.413727 
2668.283634  	102.448374 
2669.720513  	102.449762 
2671.157391  	102.432300 
2672.594270  	102.461158 
2674.031149  	102.438083 
2675.468027  	102.429738 
2676.904906  	102.466557 
2678.341785  	102.461653 
2679.778663  	102.476854 
2681.215542  	102.476299 
2682.652420  	102.447214 
2684.089299  	102.466621 
2685.526178  	102.470510 
2686.963056  	102.481565 
2688.399935  	102.502808 
2689.836814  	102.468565 
2691.273692  	102.470549 
2692.710571  	102.493450 
2694.147450  	102.487391 
2695.584328  	102.498855 
2697.021207  	102.486462 
2698.458086  	102.475679 
2699.894964  	102.479632 
2701.331843  	102.464494 
2702.768721  	102.483602 
2704.205600  	102.477484 
2705.642479  	102.456405 
2707.079357  	102.490477 
2708.516236  	102.462767 
2709.953115  	102.428331 
2711.389993  	102.470390 
2712.826872  	102.476983 
2714.263751  	102.473694 
2715.700629  	102.467904 
2717.137508  	102.431058 
2718.574386  	102.434669 
2720.011265  	102.446445 
2721.448144  	102.453767 
2722.885022  	102.457276 
2724.321901  	102.429013 
2725.758780  	102.438401 
2727.195658  	102.438097 
2728.632537  	102.403334 
2730.069416  	102.413708 
2731.506294  	102.410892 
2732.943173  	102.417349 
2734.380052  	102.438274 
2735.816930  	102.401030 
2737.253809  	102.413987 
2738.690687  	102.430370 
2740.127566  	102.374011 
2741.564445  	102.381318 
2743.001323  	102.400575 
2744.438202  	102.392233 
2745.875081  	102.403012 
2747.311959  	102.368060 
2748.748838  	102.365851 
2750.185717  	102.393124 
2751.622595  	102.356859 
2753.059474  	102.345777 
2754.496352  	102.337245 
2755.933231  	102.334596 
2757.370110  	102.391477 
2758.806988  	102.379503 
2760.243867  	102.348836 
2761.680746  	102.371655 
2763.117624  	102.352061 
2764.554503  	102.344292 
2765.991382  	102.366039 
2767.428260  	102.374604 
2768.865139  	102.377204 
2770.302018  	102.339520 
2771.738896  	102.335818 
2773.175775  	102.360144 
2774.612653  	102.334728 
2776.049532  	102.350665 
2777.486411  	102.363522 
2778.923289  	102.335238 
2780.360168  	102.354917 
2781.797047  	102.347324 
2783.233925  	102.331526 
2784.670804  	102.347651 
2786.107683  	102.309078 
2787.544561  	102.291403 
2788.981440  	102.296960 
2790.418318  	102.269816 
2791.855197  	102.276145 
2793.292076  	102.271379 
2794.728954  	102.268091 
2796.165833  	102.287668 
2797.602712  	102.245722 
2799.039590  	102.226980 
2800.476469  	102.242323 
2801.913348  	102.221905 
2803.350226  	102.219342 
2804.787105  	102.179431 
2806.223984  	102.130477 
2807.660862  	102.157277 
2809.097741  	102.154733 
2810.534619  	102.129937 
2811.971498  	102.117701 
2813.408377  	102.084004 
2814.845255  	102.079648 
2816.282134  	102.066354 
2817.719013  	102.039206 
2819.155891  	102.046549 
2820.592770  	102.032355 
2822.029649  	102.024464 
2823.466527  	102.017053 
2824.903406  	101.969420 
2826.340284  	101.941656 
2827.777163  	101.895895 
2829.214042  	101.854667 
2830.650920  	101.868577 
2832.087799  	101.840260 
2833.524678  	101.801505 
2834.961556  	101.769532 
2836.398435  	101.694634 
2837.835314  	101.647503 
2839.272192  	101.593485 
2840.709071  	101.521712 
2842.145950  	101.464243 
2843.582828  	101.331523 
2845.019707  	101.188197 
2846.456585  	101.064462 
2847.893464  	100.891419 
2849.330343  	100.758890 
2850.767221  	100.645864 
2852.204100  	100.546493 
2853.640979  	100.534314 
2855.077857  	100.478444 
2856.514736  	100.383269 
2857.951615  	100.329984 
2859.388493  	100.240056 
2860.825372  	100.132308 
2862.262250  	100.007634 
2863.699129  	99.869085 
2865.136008  	99.751871 
2866.572886  	99.563411 
2868.009765  	99.366530 
2869.446644  	99.225362 
2870.883522  	99.073429 
2872.320401  	99.009309 
2873.757280  	98.986794 
2875.194158  	98.903039 
2876.631037  	98.880742 
2878.067916  	98.877545 
2879.504794  	98.848532 
2880.941673  	98.861694 
2882.378551  	98.844040 
2883.815430  	98.819865 
2885.252309  	98.812591 
2886.689187  	98.757707 
2888.126066  	98.730069 
2889.562945  	98.742802 
2890.999823  	98.765694 
2892.436702  	98.794925 
2893.873581  	98.774941 
2895.310459  	98.778922 
2896.747338  	98.826762 
2898.184216  	98.839183 
2899.621095  	98.849916 
2901.057974  	98.829383 
2902.494852  	98.792573 
2903.931731  	98.794630 
2905.368610  	98.747449 
2906.805488  	98.700338 
2908.242367  	98.701119 
2909.679246  	98.671909 
2911.116124  	98.646964 
2912.553003  	98.588549 
2913.989882  	98.474803 
2915.426760  	98.379793 
2916.863639  	98.254917 
2918.300517  	98.136858 
2919.737396  	98.054248 
2921.174275  	97.936510 
2922.611153  	97.850333 
2924.048032  	97.763723 
2925.484911  	97.627898 
2926.921789  	97.532938 
2928.358668  	97.429136 
2929.795547  	97.314084 
2931.232425  	97.234504 
2932.669304  	97.126587 
2934.106182  	97.043870 
2935.543061  	97.004132 
2936.979940  	96.952909 
2938.416818  	96.917402 
2939.853697  	96.852251 
2941.290576  	96.760460 
2942.727454  	96.679804 
2944.164333  	96.567506 
2945.601212  	96.467733 
2947.038090  	96.370126 
2948.474969  	96.224164 
2949.911847  	96.070074 
2951.348726  	95.882738 
2952.785605  	95.681640 
2954.222483  	95.481779 
2955.659362  	95.245019 
2957.096241  	95.069216 
2958.533119  	94.926131 
2959.969998  	94.754374 
2961.406877  	94.687634 
2962.843755  	94.673665 
2964.280634  	94.645833 
2965.717513  	94.728906 
2967.154391  	94.899235 
2968.591270  	95.106392 
2970.028148  	95.339681 
2971.465027  	95.560853 
2972.901906  	95.860978 
2974.338784  	96.227080 
2975.775663  	96.548464 
2977.212542  	96.867321 
2978.649420  	97.185907 
2980.086299  	97.475013 
2981.523178  	97.748195 
2982.960056  	97.991399 
2984.396935  	98.217956 
2985.833813  	98.417512 
2987.270692  	98.610305 
2988.707571  	98.825054 
2990.144449  	99.020745 
2991.581328  	99.227617 
2993.018207  	99.393084 
2994.455085  	99.469997 
2995.891964  	99.609078 
2997.328843  	99.761919 
2998.765721  	99.852987 
3000.202600  	99.996228 
3001.639479  	100.128153 
3003.076357  	100.206369 
3004.513236  	100.292737 
3005.950114  	100.385766 
3007.386993  	100.543175 
3008.823872  	100.684084 
3010.260750  	100.737036 
3011.697629  	100.832055 
3013.134508  	100.924129 
3014.571386  	100.981901 
3016.008265  	101.090187 
3017.445144  	101.174094 
3018.882022  	101.208314 
3020.318901  	101.207671 
3021.755779  	101.185832 
3023.192658  	101.211348 
3024.629537  	101.210983 
3026.066415  	101.171359 
3027.503294  	101.156612 
3028.940173  	101.107255 
3030.377051  	101.043267 
3031.813930  	100.971498 
3033.250809  	100.871756 
3034.687687  	100.808717 
3036.124566  	100.745543 
3037.561445  	100.709755 
3038.998323  	100.746225 
3040.435202  	100.766701 
3041.872080  	100.808410 
3043.308959  	100.885237 
3044.745838  	100.965013 
3046.182716  	101.091749 
3047.619595  	101.154509 
3049.056474  	101.152168 
3050.493352  	101.200944 
3051.930231  	101.214244 
3053.367110  	101.207441 
3054.803988  	101.202287 
3056.240867  	101.141588 
3057.677745  	101.121998 
3059.114624  	101.094902 
3060.551503  	101.016926 
3061.988381  	101.005390 
3063.425260  	100.999788 
3064.862139  	100.984034 
3066.299017  	100.978568 
3067.735896  	100.913275 
3069.172775  	100.889184 
3070.609653  	100.912562 
3072.046532  	100.894816 
3073.483411  	100.903766 
3074.920289  	100.943771 
3076.357168  	100.995183 
3077.794046  	101.039631 
3079.230925  	101.057209 
3080.667804  	101.130065 
3082.104682  	101.192145 
3083.541561  	101.214309 
3084.978440  	101.316184 
3086.415318  	101.405576 
3087.852197  	101.437192 
3089.289076  	101.470828 
3090.725954  	101.485330 
3092.162833  	101.552183 
3093.599711  	101.621959 
3095.036590  	101.600466 
3096.473469  	101.589177 
3097.910347  	101.588052 
3099.347226  	101.568467 
3100.784105  	101.541529 
3102.220983  	101.493567 
3103.657862  	101.501661 
3105.094741  	101.509025 
3106.531619  	101.478966 
3107.968498  	101.516945 
3109.405377  	101.545803 
3110.842255  	101.558568 
3112.279134  	101.604517 
3113.716012  	101.610457 
3115.152891  	101.658551 
3116.589770  	101.708069 
3118.026648  	101.669821 
3119.463527  	101.686356 
3120.900406  	101.701176 
3122.337284  	101.683846 
3123.774163  	101.730542 
3125.211042  	101.741336 
3126.647920  	101.754176 
3128.084799  	101.800571 
3129.521677  	101.801693 
3130.958556  	101.839359 
3132.395435  	101.844561 
3133.832313  	101.785078 
3135.269192  	101.784725 
3136.706071  	101.767264 
3138.142949  	101.764858 
3139.579828  	101.806362 
3141.016707  	101.791585 
3142.453585  	101.810582 
3143.890464  	101.821350 
3145.327343  	101.775948 
3146.764221  	101.793666 
3148.201100  	101.777935 
3149.637978  	101.740107 
3151.074857  	101.762676 
3152.511736  	101.746184 
3153.948614  	101.755389 
3155.385493  	101.775789 
3156.822372  	101.721799 
3158.259250  	101.687919 
3159.696129  	101.636290 
3161.133008  	101.595454 
3162.569886  	101.627669 
3164.006765  	101.604300 
3165.443643  	101.587931 
3166.880522  	101.619640 
3168.317401  	101.596452 
3169.754279  	101.571841 
3171.191158  	101.553146 
3172.628037  	101.546890 
3174.064915  	101.557306 
3175.501794  	101.514100 
3176.938673  	101.495749 
3178.375551  	101.476379 
3179.812430  	101.415745 
3181.249309  	101.432526 
3182.686187  	101.418946 
3184.123066  	101.362780 
3185.559944  	101.389114 
3186.996823  	101.385788 
3188.433702  	101.354863 
3189.870580  	101.337016 
3191.307459  	101.309305 
3192.744338  	101.344276 
3194.181216  	101.338469 
3195.618095  	101.276809 
3197.054974  	101.274472 
3198.491852  	101.247357 
3199.928731  	101.227218 
3201.365609  	101.216175 
3202.802488  	101.159474 
3204.239367  	101.189007 
3205.676245  	101.209826 
3207.113124  	101.167927 
3208.550003  	101.181406 
3209.986881  	101.123299 
3211.423760  	101.078041 
3212.860639  	101.146917 
3214.297517  	101.103277 
3215.734396  	101.003221 
3217.171274  	100.978642 
3218.608153  	100.989455 
3220.045032  	101.022381 
3221.481910  	100.970701 
3222.918789  	100.919906 
3224.355668  	100.952301 
3225.792546  	100.894000 
3227.229425  	100.819977 
3228.666304  	100.832374 
3230.103182  	100.851287 
3231.540061  	100.870701 
3232.976940  	100.827645 
3234.413818  	100.768772 
3235.850697  	100.773318 
3237.287575  	100.755937 
3238.724454  	100.761681 
3240.161333  	100.767400 
3241.598211  	100.701945 
3243.035090  	100.657896 
3244.471969  	100.595730 
3245.908847  	100.545776 
3247.345726  	100.567166 
3248.782605  	100.527634 
3250.219483  	100.498063 
3251.656362  	100.517527 
3253.093240  	100.497870 
3254.530119  	100.510745 
3255.966998  	100.497022 
3257.403876  	100.437356 
3258.840755  	100.419153 
3260.277634  	100.364832 
3261.714512  	100.327681 
3263.151391  	100.330120 
3264.588270  	100.289362 
3266.025148  	100.287779 
3267.462027  	100.272409 
3268.898906  	100.226797 
3270.335784  	100.252042 
3271.772663  	100.228940 
3273.209541  	100.162129 
3274.646420  	100.126239 
3276.083299  	100.081065 
3277.520177  	100.092984 
3278.957056  	100.092655 
3280.393935  	100.050470 
3281.830813  	100.075709 
3283.267692  	100.066771 
3284.704571  	100.038359 
3286.141449  	100.051075 
3287.578328  	100.014790 
3289.015206  	100.007549 
3290.452085  	99.996164 
3291.888964  	99.910099 
3293.325842  	99.882389 
3294.762721  	99.872492 
3296.199600  	99.856621 
3297.636478  	99.870567 
3299.073357  	99.839480 
3300.510236  	99.834892 
3301.947114  	99.824362 
3303.383993  	99.735232 
3304.820872  	99.704470 
3306.257750  	99.703930 
3307.694629  	99.690707 
3309.131507  	99.681838 
3310.568386  	99.618713 
3312.005265  	99.624599 
3313.442143  	99.660382 
3314.879022  	99.576090 
3316.315901  	99.522613 
3317.752779  	99.510288 
3319.189658  	99.482776 
3320.626537  	99.490976 
3322.063415  	99.442478 
3323.500294  	99.397375 
3324.937172  	99.424752 
3326.374051  	99.393816 
3327.810930  	99.344055 
3329.247808  	99.332896 
3330.684687  	99.334478 
3332.121566  	99.310793 
3333.558444  	99.185671 
3334.995323  	99.088265 
3336.432202  	99.091151 
3337.869080  	99.074527 
3339.305959  	99.080577 
3340.742838  	99.096884 
3342.179716  	99.064991 
3343.616595  	99.055194 
3345.053473  	99.054674 
3346.490352  	99.052403 
3347.927231  	99.026907 
3349.364109  	98.966666 
3350.800988  	98.957295 
3352.237867  	98.919521 
3353.674745  	98.845866 
3355.111624  	98.819799 
3356.548503  	98.720731 
3357.985381  	98.657255 
3359.422260  	98.734392 
3360.859138  	98.735487 
3362.296017  	98.692639 
3363.732896  	98.691649 
3365.169774  	98.667321 
3366.606653  	98.671848 
3368.043532  	98.660430 
3369.480410  	98.622906 
3370.917289  	98.613785 
3372.354168  	98.562758 
3373.791046  	98.527816 
3375.227925  	98.503790 
3376.664804  	98.430630 
3378.101682  	98.429162 
3379.538561  	98.411884 
3380.975439  	98.314664 
3382.412318  	98.294469 
3383.849197  	98.275010 
3385.286075  	98.215066 
3386.722954  	98.205322 
3388.159833  	98.198066 
3389.596711  	98.214643 
3391.033590  	98.230317 
3392.470469  	98.180492 
3393.907347  	98.167450 
3395.344226  	98.159532 
3396.781104  	98.065604 
3398.217983  	98.002872 
3399.654862  	98.032301 
3401.091740  	98.008450 
3402.528619  	97.872511 
3403.965498  	97.792398 
3405.402376  	97.816250 
3406.839255  	97.797286 
3408.276134  	97.742497 
3409.713012  	97.719372 
3411.149891  	97.736841 
3412.586770  	97.772572 
3414.023648  	97.707156 
3415.460527  	97.592392 
3416.897405  	97.557282 
3418.334284  	97.513446 
3419.771163  	97.458691 
3421.208041  	97.439598 
3422.644920  	97.391810 
3424.081799  	97.331371 
3425.518677  	97.262725 
3426.955556  	97.249444 
3428.392435  	97.330302 
3429.829313  	97.317831 
3431.266192  	97.234636 
3432.703070  	97.230441 
3434.139949  	97.238713 
3435.576828  	97.267267 
3437.013706  	97.290796 
3438.450585  	97.220099 
3439.887464  	97.141257 
3441.324342  	97.070213 
3442.761221  	97.004407 
3444.198100  	97.000212 
3445.634978  	96.981471 
3447.071857  	96.956931 
3448.508736  	96.970189 
3449.945614  	96.972867 
3451.382493  	96.979085 
3452.819371  	96.944579 
3454.256250  	96.928772 
3455.693129  	97.041441 
3457.130007  	97.099743 
3458.566886  	97.043903 
3460.003765  	97.009699 
3461.440643  	96.969373 
3462.877522  	96.959757 
3464.314401  	96.987836 
3465.751279  	96.944490 
3467.188158  	96.939116 
3468.625036  	97.037254 
3470.061915  	97.071105 
3471.498794  	96.992954 
3472.935672  	96.920469 
3474.372551  	96.942602 
3475.809430  	96.992629 
3477.246308  	96.999881 
3478.683187  	97.042759 
3480.120066  	97.086290 
3481.556944  	97.005517 
3482.993823  	96.918817 
3484.430701  	96.957360 
3485.867580  	96.979325 
3487.304459  	96.934444 
3488.741337  	96.933214 
3490.178216  	96.936663 
3491.615095  	96.904372 
3493.051973  	96.929018 
3494.488852  	96.958340 
3495.925731  	96.958590 
3497.362609  	97.020304 
3498.799488  	97.035527 
3500.236367  	96.958012 
3501.673245  	96.918742 
3503.110124  	96.898463 
3504.547002  	96.904360 
3505.983881  	96.986904 
3507.420760  	97.000545 
3508.857638  	96.894658 
3510.294517  	96.808944 
3511.731396  	96.890904 
3513.168274  	97.045408 
3514.605153  	97.102244 
3516.042032  	97.101035 
3517.478910  	97.169444 
3518.915789  	97.294709 
3520.352667  	97.411926 
3521.789546  	97.410873 
3523.226425  	97.276768 
3524.663303  	97.222749 
3526.100182  	97.290635 
3527.537061  	97.345372 
3528.973939  	97.361731 
3530.410818  	97.318686 
3531.847697  	97.341512 
3533.284575  	97.517624 
3534.721454  	97.673772 
3536.158333  	97.741143 
3537.595211  	97.816944 
3539.032090  	97.981562 
3540.468968  	98.222934 
3541.905847  	98.382072 
3543.342726  	98.374120 
3544.779604  	98.280240 
3546.216483  	98.204330 
3547.653362  	98.267139 
3549.090240  	98.388219 
3550.527119  	98.486177 
3551.963998  	98.567111 
3553.400876  	98.580014 
3554.837755  	98.700224 
3556.274633  	98.971668 
3557.711512  	99.164217 
3559.148391  	99.252284 
3560.585269  	99.385779 
3562.022148  	99.568410 
3563.459027  	99.671161 
3564.895905  	99.628385 
3566.332784  	99.597316 
3567.769663  	99.609600 
3569.206541  	99.555081 
3570.643420  	99.588049 
3572.080299  	99.675401 
3573.517177  	99.731174 
3574.954056  	99.937035 
3576.390934  	100.232146 
3577.827813  	100.351899 
3579.264692  	100.382783 
3580.701570  	100.493762 
3582.138449  	100.693074 
3583.575328  	100.813018 
3585.012206  	100.822522 
3586.449085  	100.901245 
3587.885964  	100.920074 
3589.322842  	100.843355 
3590.759721  	100.820826 
3592.196599  	100.759658 
3593.633478  	100.769240 
3595.070357  	100.906498 
3596.507235  	100.978856 
3597.944114  	101.086699 
3599.380993  	101.250023 
3600.817871  	101.383634 
3602.254750  	101.602680 
3603.691629  	101.716364 
3605.128507  	101.611236 
3606.565386  	101.581656 
3608.002265  	101.809390 
3609.439143  	101.970560 
3610.876022  	101.799044 
3612.312900  	101.631155 
3613.749779  	101.493372 
3615.186658  	101.429588 
3616.623536  	101.653712 
3618.060415  	101.911867 
3619.497294  	101.722705 
3620.934172  	101.593088 
3622.371051  	101.926929 
3623.807930  	102.180383 
3625.244808  	102.196412 
3626.681687  	102.264126 
3628.118565  	102.682264 
3629.555444  	102.560224 
3630.992323  	101.873198 
3632.429201  	101.952471 
3633.866080  	101.981874 
3635.302959  	101.763354 
3636.739837  	101.936257 
3638.176716  	102.166573 
3639.613595  	102.213791 
3641.050473  	102.510324 
3642.487352  	102.837810 
3643.924231  	102.924767 
3645.361109  	103.167363 
3646.797988  	103.442518 
3648.234866  	103.154888 
3649.671745  	102.909229 
3651.108624  	102.772728 
3652.545502  	102.451692 
3653.982381  	102.444229 
3655.419260  	102.542940 
3656.856138  	102.445152 
3658.293017  	102.538665 
3659.729896  	102.764160 
3661.166774  	102.887987 
3662.603653  	103.119608 
3664.040531  	103.530401 
3665.477410  	103.722962 
3666.914289  	103.744468 
3668.351167  	103.907949 
3669.788046  	104.265864 
3671.224925  	104.169269 
3672.661803  	103.732525 
3674.098682  	103.663267 
3675.535561  	103.335911 
3676.972439  	102.792189 
3678.409318  	103.297086 
3679.846197  	103.525497 
3681.283075  	103.457741 
3682.719954  	103.735730 
3684.156832  	104.148418 
3685.593711  	104.244178 
3687.030590  	104.394573 
3688.467468  	104.583177 
3689.904347  	104.325109 
3691.341226  	104.217954 
3692.778104  	103.978508 
3694.214983  	103.650454 
3695.651862  	103.665180 
3697.088740  	103.839984 
3698.525619  	103.888893 
3699.962497  	103.963198 
3701.399376  	104.173562 
3702.836255  	104.318933 
3704.273133  	104.301977 
3705.710012  	104.359126 
3707.146891  	104.449356 
3708.583769  	104.463204 
3710.020648  	104.476292 
3711.457527  	104.407404 
3712.894405  	104.116337 
3714.331284  	103.944422 
3715.768163  	103.995808 
3717.205041  	104.138453 
3718.641920  	104.161587 
3720.078798  	104.127265 
3721.515677  	104.238073 
3722.952556  	104.289160 
3724.389434  	104.276343 
3725.826313  	104.463337 
3727.263192  	104.464391 
3728.700070  	104.228225 
3730.136949  	104.299844 
3731.573828  	104.535508 
3733.010706  	104.512825 
3734.447585  	104.415334 
3735.884463  	104.244290 
3737.321342  	103.919549 
3738.758221  	104.046606 
3740.195099  	104.306015 
3741.631978  	104.412211 
3743.068857  	104.521639 
3744.505735  	104.642406 
3745.942614  	104.304753 
3747.379493  	104.359178 
3748.816371  	104.571654 
3750.253250  	104.369700 
3751.690129  	103.936222 
3753.127007  	103.881829 
3754.563886  	104.007249 
3756.000764  	104.126690 
3757.437643  	104.164535 
3758.874522  	104.238083 
3760.311400  	104.377162 
3761.748279  	104.311853 
3763.185158  	104.279614 
3764.622036  	104.395682 
3766.058915  	104.347693 
3767.495794  	104.321951 
3768.932672  	104.385039 
3770.369551  	104.214255 
3771.806429  	104.164756 
3773.243308  	104.384358 
3774.680187  	104.465354 
3776.117065  	104.354691 
3777.553944  	104.431866 
3778.990823  	104.611114 
3780.427701  	104.379266 
3781.864580  	104.200011 
3783.301459  	104.354798 
3784.738337  	104.364020 
3786.175216  	104.228030 
3787.612094  	104.252490 
3789.048973  	104.276727 
3790.485852  	104.441427 
3791.922730  	104.561323 
3793.359609  	104.739126 
3794.796488  	104.836383 
3796.233366  	105.169710 
3797.670245  	105.113915 
3799.107124  	104.798536 
3800.544002  	104.851356 
3801.980881  	104.746794 
3803.417760  	104.182184 
3804.854638  	104.248770 
3806.291517  	104.584052 
3807.728395  	104.422838 
3809.165274  	104.303465 
3810.602153  	104.669097 
3812.039031  	104.825345 
3813.475910  	104.794823 
3814.912789  	105.052041 
3816.349667  	105.310349 
3817.786546  	104.940439 
3819.223425  	104.798663 
3820.660303  	104.950189 
3822.097182  	104.711221 
3823.534060  	104.379548 
3824.970939  	104.393257 
3826.407818  	104.494253 
3827.844696  	104.534439 
3829.281575  	104.682145 
3830.718454  	104.885634 
3832.155332  	104.940803 
3833.592211  	104.911205 
3835.029090  	104.979499 
3836.465968  	105.023857 
3837.902847  	104.846438 
3839.339726  	104.446220 
3840.776604  	104.278885 
3842.213483  	104.418371 
3843.650361  	104.491695 
3845.087240  	104.447416 
3846.524119  	104.513516 
3847.960997  	104.660745 
3849.397876  	104.698680 
3850.834755  	104.820771 
3852.271633  	105.255330 
3853.708512  	105.106835 
3855.145391  	104.387470 
3856.582269  	104.522842 
3858.019148  	104.474045 
3859.456026  	104.415172 
3860.892905  	104.590801 
3862.329784  	104.658776 
3863.766662  	104.610684 
3865.203541  	104.610932 
3866.640420  	104.539467 
3868.077298  	104.658266 
3869.514177  	104.807091 
3870.951056  	104.395345 
3872.387934  	104.319760 
3873.824813  	104.510683 
3875.261692  	104.522566 
3876.698570  	104.473463 
3878.135449  	104.536133 
3879.572327  	104.730875 
3881.009206  	104.673402 
3882.446085  	104.420072 
3883.882963  	104.435617 
3885.319842  	104.502509 
3886.756721  	104.219194 
3888.193599  	104.136942 
3889.630478  	104.348971 
3891.067357  	104.556327 
3892.504235  	104.418236 
3893.941114  	104.406337 
3895.377992  	104.574706 
3896.814871  	104.599408 
3898.251750  	104.638012 
3899.688628  	104.770119 
3901.125507  	104.688079 
3902.562386  	104.511561 
3903.999264  	104.221061 
3905.436143  	103.993699 
3906.873022  	104.196836 
3908.309900  	104.262085 
3909.746779  	104.187660 
3911.183658  	104.282940 
3912.620536  	104.345618 
3914.057415  	104.499821 
3915.494293  	104.616363 
3916.931172  	104.563928 
3918.368051  	104.471928 
3919.804929  	104.546463 
3921.241808  	104.526771 
3922.678687  	104.460428 
3924.115565  	104.481146 
3925.552444  	104.503730 
3926.989323  	104.469130 
3928.426201  	104.447378 
3929.863080  	104.472590 
3931.299958  	104.512732 
3932.736837  	104.471896 
3934.173716  	104.387906 
3935.610594  	104.427181 
3937.047473  	104.573799 
3938.484352  	104.602272 
3939.921230  	104.566277 
3941.358109  	104.618818 
3942.794988  	104.618395 
3944.231866  	104.529606 
3945.668745  	104.560556 
3947.105624  	104.568411 
3948.542502  	104.486178 
3949.979381  	104.453121 
3951.416259  	104.469914 
3952.853138  	104.510808 
3954.290017  	104.560865 
3955.726895  	104.567233 
3957.163774  	104.577748 
3958.600653  	104.594552 
3960.037531  	104.601485 
3961.474410  	104.563892 
3962.911289  	104.486463 
3964.348167  	104.537768 
3965.785046  	104.650468 
3967.221924  	104.625334 
3968.658803  	104.557417 
3970.095682  	104.577146 
3971.532560  	104.648086 
3972.969439  	104.654190 
3974.406318  	104.554709 
3975.843196  	104.510071 
3977.280075  	104.556417 
3978.716954  	104.604162 
3980.153832  	104.648847 
3981.590711  	104.639583 
3983.027590  	104.646424 
3984.464468  	104.708798 
3985.901347  	104.677927 
3987.338225  	104.644274 
3988.775104  	104.675642 
3990.211983  	104.648778 
3991.648861  	104.628625 
3993.085740  	104.635886 
3994.522619  	104.635338 
3995.959497  	104.676585 
3997.396376  	104.676310 
3998.833255  	104.654163 
4000.270133  	104.683591 