x               y
399.452262  	100.466247 
400.889141  	100.211178 
402.326019  	100.031997 
403.762898  	100.139057 
405.199776  	100.557233 
406.636655  	99.529595 
408.073534  	99.421697 
409.510412  	99.992031 
410.947291  	99.800106 
412.384170  	100.588901 
413.821048  	101.621715 
415.257927  	101.375323 
416.694806  	100.405296 
418.131684  	98.468171 
419.568563  	98.819351 
421.005441  	101.113693 
422.442320  	101.658558 
423.879199  	100.492891 
425.316077  	98.858419 
426.752956  	99.211080 
428.189835  	100.426306 
429.626713  	100.681639 
431.063592  	100.836866 
432.500471  	100.670210 
433.937349  	99.628864 
435.374228  	99.504882 
436.811106  	100.598685 
438.247985  	100.888708 
439.684864  	100.334710 
441.121742  	99.934054 
442.558621  	100.351913 
443.995500  	100.750872 
445.432378  	100.416797 
446.869257  	100.022574 
448.306136  	99.935449 
449.743014  	100.279945 
451.179893  	100.774770 
452.616772  	100.894555 
454.053650  	100.558000 
455.490529  	100.353971 
456.927407  	100.528060 
458.364286  	100.451423 
459.801165  	100.023249 
461.238043  	100.424616 
462.674922  	101.009694 
464.111801  	100.409585 
465.548679  	99.832937 
466.985558  	100.184601 
468.422437  	100.893471 
469.859315  	101.144800 
471.296194  	100.651665 
472.733072  	99.962711 
474.169951  	100.338822 
475.606830  	100.877391 
477.043708  	100.815334 
478.480587  	100.518504 
479.917466  	100.621057 
481.354344  	100.724432 
482.791223  	100.468954 
484.228102  	100.391210 
485.664980  	100.346897 
487.101859  	100.059316 
488.538738  	100.137614 
489.975616  	100.444757 
491.412495  	100.422339 
492.849373  	100.342256 
494.286252  	100.345726 
495.723131  	100.244061 
497.160009  	100.095299 
498.596888  	100.179917 
500.033767  	100.329111 
501.470645  	100.074901 
502.907524  	99.990822 
504.344403  	100.418908 
505.781281  	100.496923 
507.218160  	100.452127 
508.655038  	100.653643 
510.091917  	100.572871 
511.528796  	100.494523 
512.965674  	100.617230 
514.402553  	100.475508 
515.839432  	100.274835 
517.276310  	100.330849 
518.713189  	100.603201 
520.150068  	100.753191 
521.586946  	100.412444 
523.023825  	100.094355 
524.460704  	100.117802 
525.897582  	100.207296 
527.334461  	100.492779 
528.771339  	100.672428 
530.208218  	100.452505 
531.645097  	100.412307 
533.081975  	100.596208 
534.518854  	100.551159 
535.955733  	100.501744 
537.392611  	100.550845 
538.829490  	100.535106 
540.266369  	100.479359 
541.703247  	100.384881 
543.140126  	100.404276 
544.577004  	100.573469 
546.013883  	100.609952 
547.450762  	100.484392 
548.887640  	100.378229 
550.324519  	100.345662 
551.761398  	100.465182 
553.198276  	100.669474 
554.635155  	100.691495 
556.072034  	100.460380 
557.508912  	100.291298 
558.945791  	100.387369 
560.382670  	100.517142 
561.819548  	100.468513 
563.256427  	100.392226 
564.693305  	100.435737 
566.130184  	100.490104 
567.567063  	100.423373 
569.003941  	100.265335 
570.440820  	100.189980 
571.877699  	100.349747 
573.314577  	100.567914 
574.751456  	100.549922 
576.188335  	100.395418 
577.625213  	100.383356 
579.062092  	100.478657 
580.498970  	100.560844 
581.935849  	100.494468 
583.372728  	100.329906 
584.809606  	100.356403 
586.246485  	100.530135 
587.683364  	100.582093 
589.120242  	100.565369 
590.557121  	100.504555 
591.994000  	100.399481 
593.430878  	100.474212 
594.867757  	100.574474 
596.304636  	100.424018 
597.741514  	100.291730 
599.178393  	100.386800 
600.615271  	100.441038 
602.052150  	100.384789 
603.489029  	100.397909 
604.925907  	100.461080 
606.362786  	100.516998 
607.799665  	100.496602 
609.236543  	100.434573 
610.673422  	100.434362 
612.110301  	100.456892 
613.547179  	100.456509 
614.984058  	100.496675 
616.420936  	100.528247 
617.857815  	100.463719 
619.294694  	100.397368 
620.731572  	100.388236 
622.168451  	100.387814 
623.605330  	100.420302 
625.042208  	100.459152 
626.479087  	100.446425 
627.915966  	100.391749 
629.352844  	100.370671 
630.789723  	100.489182 
632.226602  	100.510540 
633.663480  	100.463812 
635.100359  	100.441816 
636.537237  	100.447157 
637.974116  	100.422952 
639.410995  	100.403092 
640.847873  	100.368888 
642.284752  	100.307452 
643.721631  	100.326306 
645.158509  	100.401928 
646.595388  	100.425062 
648.032267  	100.432239 
649.469145  	100.440214 
650.906024  	100.441503 
652.342902  	100.460418 
653.779781  	100.455208 
655.216660  	100.432188 
656.653538  	100.441116 
658.090417  	100.484857 
659.527296  	100.496119 
660.964174  	100.509358 
662.401053  	100.508206 
663.837932  	100.470999 
665.274810  	100.468966 
666.711689  	100.495262 
668.148568  	100.441414 
669.585446  	100.365254 
671.022325  	100.387171 
672.459203  	100.399881 
673.896082  	100.382157 
675.332961  	100.371395 
676.769839  	100.402539 
678.206718  	100.425230 
679.643597  	100.438931 
681.080475  	100.452915 
682.517354  	100.445265 
683.954233  	100.450941 
685.391111  	100.475113 
686.827990  	100.454930 
688.264868  	100.353465 
689.701747  	100.383413 
691.138626  	100.453509 
692.575504  	100.487078 
694.012383  	100.509729 
695.449262  	100.523471 
696.886140  	100.529896 
698.323019  	100.492621 
699.759898  	100.462280 
701.196776  	100.471417 
702.633655  	100.455611 
704.070533  	100.445498 
705.507412  	100.495356 
706.944291  	100.534156 
708.381169  	100.587855 
709.818048  	100.616256 
711.254927  	100.536322 
712.691805  	100.468732 
714.128684  	100.462113 
715.565563  	100.446967 
717.002441  	100.460241 
718.439320  	100.470200 
719.876199  	100.478059 
721.313077  	100.502647 
722.749956  	100.524461 
724.186834  	100.494622 
725.623713  	100.429903 
727.060592  	100.438899 
728.497470  	100.497117 
729.934349  	100.543612 
731.371228  	100.528877 
732.808106  	100.468028 
734.244985  	100.421153 
735.681864  	100.430771 
737.118742  	100.470889 
738.555621  	100.501182 
739.992499  	100.568357 
741.429378  	100.629961 
742.866257  	100.542662 
744.303135  	100.420199 
745.740014  	100.437144 
747.176893  	100.486824 
748.613771  	100.507985 
750.050650  	100.554946 
751.487529  	100.557602 
752.924407  	100.503003 
754.361286  	100.466550 
755.798165  	100.463993 
757.235043  	100.471173 
758.671922  	100.422973 
760.108800  	100.377923 
761.545679  	100.469162 
762.982558  	100.565252 
764.419436  	100.536399 
765.856315  	100.500916 
767.293194  	100.501794 
768.730072  	100.490429 
770.166951  	100.478693 
771.603830  	100.483029 
773.040708  	100.482450 
774.477587  	100.435371 
775.914465  	100.421602 
777.351344  	100.514789 
778.788223  	100.565571 
780.225101  	100.526079 
781.661980  	100.501412 
783.098859  	100.492243 
784.535737  	100.530732 
785.972616  	100.586690 
787.409495  	100.530876 
788.846373  	100.480396 
790.283252  	100.543272 
791.720131  	100.562448 
793.157009  	100.503922 
794.593888  	100.488940 
796.030766  	100.503146 
797.467645  	100.497607 
798.904524  	100.536919 
800.341402  	100.610808 
801.778281  	100.595874 
803.215160  	100.531320 
804.652038  	100.511908 
806.088917  	100.485584 
807.525796  	100.456797 
808.962674  	100.473571 
810.399553  	100.511970 
811.836431  	100.566431 
813.273310  	100.586631 
814.710189  	100.561239 
816.147067  	100.569344 
817.583946  	100.570500 
819.020825  	100.537266 
820.457703  	100.530572 
821.894582  	100.517651 
823.331461  	100.500283 
824.768339  	100.533184 
826.205218  	100.577450 
827.642097  	100.589301 
829.078975  	100.568557 
830.515854  	100.535834 
831.952732  	100.513735 
833.389611  	100.506108 
834.826490  	100.516348 
836.263368  	100.519820 
837.700247  	100.524045 
839.137126  	100.560842 
840.574004  	100.574507 
842.010883  	100.554350 
843.447762  	100.532451 
844.884640  	100.492936 
846.321519  	100.499751 
847.758397  	100.553267 
849.195276  	100.545640 
850.632155  	100.509885 
852.069033  	100.488209 
853.505912  	100.465718 
854.942791  	100.485596 
856.379669  	100.531820 
857.816548  	100.561401 
859.253427  	100.568074 
860.690305  	100.557527 
862.127184  	100.571327 
863.564063  	100.573030 
865.000941  	100.538188 
866.437820  	100.541434 
867.874698  	100.540859 
869.311577  	100.509060 
870.748456  	100.517261 
872.185334  	100.520459 
873.622213  	100.505358 
875.059092  	100.526896 
876.495970  	100.551274 
877.932849  	100.570124 
879.369728  	100.585830 
880.806606  	100.576229 
882.243485  	100.566747 
883.680363  	100.556270 
885.117242  	100.535223 
886.554121  	100.521690 
887.990999  	100.529685 
889.427878  	100.583733 
890.864757  	100.638552 
892.301635  	100.629101 
893.738514  	100.585545 
895.175393  	100.551916 
896.612271  	100.553129 
898.049150  	100.571341 
899.486029  	100.559511 
900.922907  	100.544475 
902.359786  	100.537832 
903.796664  	100.528805 
905.233543  	100.550060 
906.670422  	100.569247 
908.107300  	100.561971 
909.544179  	100.563556 
910.981058  	100.561070 
912.417936  	100.554969 
913.854815  	100.552447 
915.291694  	100.554519 
916.728572  	100.598449 
918.165451  	100.629134 
919.602329  	100.600150 
921.039208  	100.595653 
922.476087  	100.620491 
923.912965  	100.622870 
925.349844  	100.623777 
926.786723  	100.633245 
928.223601  	100.639080 
929.660480  	100.617904 
931.097359  	100.576316 
932.534237  	100.573842 
933.971116  	100.602316 
935.407995  	100.622225 
936.844873  	100.631878 
938.281752  	100.619294 
939.718630  	100.617376 
941.155509  	100.648752 
942.592388  	100.655817 
944.029266  	100.639908 
945.466145  	100.628823 
946.903024  	100.597295 
948.339902  	100.579133 
949.776781  	100.607791 
951.213660  	100.615121 
952.650538  	100.578496 
954.087417  	100.569806 
955.524295  	100.594630 
956.961174  	100.595663 
958.398053  	100.578751 
959.834931  	100.581550 
961.271810  	100.610384 
962.708689  	100.641435 
964.145567  	100.649829 
965.582446  	100.652997 
967.019325  	100.643586 
968.456203  	100.608043 
969.893082  	100.624168 
971.329961  	100.686149 
972.766839  	100.688247 
974.203718  	100.658200 
975.640596  	100.645493 
977.077475  	100.633123 
978.514354  	100.640823 
979.951232  	100.641204 
981.388111  	100.611366 
982.824990  	100.598707 
984.261868  	100.588719 
985.698747  	100.580509 
987.135626  	100.621231 
988.572504  	100.672913 
990.009383  	100.678531 
991.446261  	100.637649 
992.883140  	100.594780 
994.320019  	100.599023 
995.756897  	100.622858 
997.193776  	100.629908 
998.630655  	100.634783 
1000.067533  	100.638161 
1001.504412  	100.634633 
1002.941291  	100.625200 
1004.378169  	100.613180 
1005.815048  	100.605756 
1007.251926  	100.602338 
1008.688805  	100.611269 
1010.125684  	100.605939 
1011.562562  	100.570573 
1012.999441  	100.574936 
1014.436320  	100.610334 
1015.873198  	100.616232 
1017.310077  	100.616249 
1018.746956  	100.598773 
1020.183834  	100.586416 
1021.620713  	100.630742 
1023.057592  	100.627615 
1024.494470  	100.571309 
1025.931349  	100.584662 
1027.368227  	100.608909 
1028.805106  	100.587450 
1030.241985  	100.572864 
1031.678863  	100.565990 
1033.115742  	100.570197 
1034.552621  	100.563239 
1035.989499  	100.529214 
1037.426378  	100.533049 
1038.863257  	100.545340 
1040.300135  	100.528204 
1041.737014  	100.544540 
1043.173892  	100.567981 
1044.610771  	100.566741 
1046.047650  	100.572705 
1047.484528  	100.560154 
1048.921407  	100.544022 
1050.358286  	100.543441 
1051.795164  	100.513187 
1053.232043  	100.495792 
1054.668922  	100.525521 
1056.105800  	100.553502 
1057.542679  	100.591246 
1058.979558  	100.629599 
1060.416436  	100.620415 
1061.853315  	100.602990 
1063.290193  	100.605480 
1064.727072  	100.603576 
1066.163951  	100.597810 
1067.600829  	100.591850 
1069.037708  	100.595000 
1070.474587  	100.612237 
1071.911465  	100.619692 
1073.348344  	100.618125 
1074.785223  	100.618456 
1076.222101  	100.617889 
1077.658980  	100.624871 
1079.095858  	100.623736 
1080.532737  	100.606855 
1081.969616  	100.612098 
1083.406494  	100.625346 
1084.843373  	100.605785 
1086.280252  	100.590757 
1087.717130  	100.614814 
1089.154009  	100.655519 
1090.590888  	100.694893 
1092.027766  	100.712787 
1093.464645  	100.707338 
1094.901524  	100.716406 
1096.338402  	100.719823 
1097.775281  	100.668771 
1099.212159  	100.617142 
1100.649038  	100.621664 
1102.085917  	100.648898 
1103.522795  	100.669038 
1104.959674  	100.668095 
1106.396553  	100.645230 
1107.833431  	100.644851 
1109.270310  	100.658314 
1110.707189  	100.642364 
1112.144067  	100.634759 
1113.580946  	100.652894 
1115.017824  	100.656126 
1116.454703  	100.660594 
1117.891582  	100.683388 
1119.328460  	100.687720 
1120.765339  	100.663969 
1122.202218  	100.640586 
1123.639096  	100.643935 
1125.075975  	100.666279 
1126.512854  	100.669340 
1127.949732  	100.654540 
1129.386611  	100.647939 
1130.823490  	100.645558 
1132.260368  	100.652419 
1133.697247  	100.664447 
1135.134125  	100.650814 
1136.571004  	100.637603 
1138.007883  	100.650089 
1139.444761  	100.638457 
1140.881640  	100.611605 
1142.318519  	100.620059 
1143.755397  	100.624648 
1145.192276  	100.611920 
1146.629155  	100.626496 
1148.066033  	100.638051 
1149.502912  	100.620590 
1150.939790  	100.612266 
1152.376669  	100.616148 
1153.813548  	100.622325 
1155.250426  	100.635908 
1156.687305  	100.643567 
1158.124184  	100.637240 
1159.561062  	100.613261 
1160.997941  	100.586638 
1162.434820  	100.591107 
1163.871698  	100.613739 
1165.308577  	100.629240 
1166.745456  	100.635767 
1168.182334  	100.623912 
1169.619213  	100.613812 
1171.056091  	100.621135 
1172.492970  	100.620679 
1173.929849  	100.625781 
1175.366727  	100.645765 
1176.803606  	100.643485 
1178.240485  	100.628023 
1179.677363  	100.629394 
1181.114242  	100.636403 
1182.551121  	100.631957 
1183.987999  	100.619492 
1185.424878  	100.617249 
1186.861756  	100.616770 
1188.298635  	100.600366 
1189.735514  	100.603637 
1191.172392  	100.633338 
1192.609271  	100.637000 
1194.046150  	100.621664 
1195.483028  	100.620126 
1196.919907  	100.609560 
1198.356786  	100.588950 
1199.793664  	100.593202 
1201.230543  	100.611009 
1202.667422  	100.608946 
1204.104300  	100.593272 
1205.541179  	100.584886 
1206.978057  	100.588406 
1208.414936  	100.598106 
1209.851815  	100.597870 
1211.288693  	100.586511 
1212.725572  	100.594310 
1214.162451  	100.626770 
1215.599329  	100.647058 
1217.036208  	100.639543 
1218.473087  	100.627293 
1219.909965  	100.623979 
1221.346844  	100.618741 
1222.783722  	100.611750 
1224.220601  	100.604903 
1225.657480  	100.589564 
1227.094358  	100.579903 
1228.531237  	100.586949 
1229.968116  	100.599024 
1231.404994  	100.613830 
1232.841873  	100.620249 
1234.278752  	100.615413 
1235.715630  	100.617125 
1237.152509  	100.608381 
1238.589388  	100.591759 
1240.026266  	100.600399 
1241.463145  	100.607394 
1242.900023  	100.594037 
1244.336902  	100.587149 
1245.773781  	100.590917 
1247.210659  	100.606833 
1248.647538  	100.618049 
1250.084417  	100.604549 
1251.521295  	100.603103 
1252.958174  	100.617813 
1254.395053  	100.621716 
1255.831931  	100.629475 
1257.268810  	100.624284 
1258.705688  	100.592174 
1260.142567  	100.583192 
1261.579446  	100.604411 
1263.016324  	100.605967 
1264.453203  	100.583044 
1265.890082  	100.580765 
1267.326960  	100.610155 
1268.763839  	100.618473 
1270.200718  	100.602185 
1271.637596  	100.606956 
1273.074475  	100.616094 
1274.511353  	100.614891 
1275.948232  	100.623707 
1277.385111  	100.624215 
1278.821989  	100.607678 
1280.258868  	100.599357 
1281.695747  	100.603899 
1283.132625  	100.611246 
1284.569504  	100.610666 
1286.006383  	100.603851 
1287.443261  	100.606490 
1288.880140  	100.613284 
1290.317019  	100.614096 
1291.753897  	100.625325 
1293.190776  	100.653459 
1294.627654  	100.670440 
1296.064533  	100.653973 
1297.501412  	100.616917 
1298.938290  	100.591107 
1300.375169  	100.603472 
1301.812048  	100.528580 
1303.248926  	100.652418 
1304.685805  	100.635013 
1306.122684  	100.637109 
1307.559562  	100.649119 
1308.996441  	100.648791 
1310.433319  	100.644916 
1311.870198  	100.631255 
1313.307077  	100.620518 
1314.743955  	100.633768 
1316.180834  	100.626278 
1317.617713  	100.585601 
1319.054591  	100.580778 
1320.491470  	100.622985 
1321.928349  	100.637970 
1323.365227  	100.620302 
1324.802106  	100.624736 
1326.238985  	100.649690 
1327.675863  	100.648481 
1329.112742  	100.631097 
1330.549620  	100.641376 
1331.986499  	100.670962 
1333.423378  	100.684634 
1334.860256  	100.677246 
1336.297135  	100.650308 
1337.734014  	100.610482 
1339.170892  	100.591611 
1340.607771  	100.618547 
1342.044650  	100.642502 
1343.481528  	100.642979 
1344.918407  	100.644049 
1346.355285  	100.654629 
1347.792164  	100.659056 
1349.229043  	100.649202 
1350.665921  	100.663796 
1352.102800  	100.657412 
1353.539679  	100.642102 
1354.976557  	100.640718 
1356.413436  	100.663516 
1357.850315  	100.661457 
1359.287193  	100.642968 
1360.724072  	100.622662 
1362.160951  	100.613067 
1363.597829  	100.624941 
1365.034708  	100.625635 
1366.471586  	100.610504 
1367.908465  	100.592752 
1369.345344  	100.627201 
1370.782222  	100.666995 
1372.219101  	100.661578 
1373.655980  	100.633178 
1375.092858  	100.677438 
1376.529737  	100.708189 
1377.966616  	100.659650 
1379.403494  	100.614378 
1380.840373  	100.636596 
1382.277251  	100.663838 
1383.714130  	100.666508 
1385.151009  	100.655891 
1386.587887  	100.645282 
1388.024766  	100.680775 
1389.461645  	100.700486 
1390.898523  	100.677943 
1392.335402  	100.672851 
1393.772281  	100.710223 
1395.209159  	100.708374 
1396.646038  	100.623780 
1398.082917  	100.586522 
1399.519795  	100.629969 
1400.956674  	100.645607 
1402.393552  	100.617680 
1403.830431  	100.594174 
1405.267310  	100.632450 
1406.704188  	100.660475 
1408.141067  	100.650390 
1409.577946  	100.640731 
1411.014824  	100.660666 
1412.451703  	100.723477 
1413.888582  	100.762814 
1415.325460  	100.700289 
1416.762339  	100.604495 
1418.199217  	100.598224 
1419.636096  	100.636734 
1421.072975  	100.606947 
1422.509853  	100.587203 
1423.946732  	100.627470 
1425.383611  	100.714408 
1426.820489  	100.744294 
1428.257368  	100.731749 
1429.694247  	100.720179 
1431.131125  	100.739715 
1432.568004  	100.753601 
1434.004883  	100.730615 
1435.441761  	100.653106 
1436.878640  	100.561032 
1438.315518  	100.648888 
1439.752397  	100.691596 
1441.189276  	100.662090 
1442.626154  	100.666330 
1444.063033  	100.736900 
1445.499912  	100.763474 
1446.936790  	100.765634 
1448.373669  	100.737149 
1449.810548  	100.702938 
1451.247426  	100.707386 
1452.684305  	100.735660 
1454.121183  	100.731678 
1455.558062  	100.691353 
1456.994941  	100.721634 
1458.431819  	100.800722 
1459.868698  	100.717311 
1461.305577  	100.677208 
1462.742455  	100.700072 
1464.179334  	100.727737 
1465.616213  	100.717011 
1467.053091  	100.702532 
1468.489970  	100.691740 
1469.926849  	100.684052 
1471.363727  	100.710199 
1472.800606  	100.772035 
1474.237484  	100.726289 
1475.674363  	100.665542 
1477.111242  	100.672882 
1478.548120  	100.706749 
1479.984999  	100.705960 
1481.421878  	100.684444 
1482.858756  	100.678533 
1484.295635  	100.680831 
1485.732514  	100.690742 
1487.169392  	100.724728 
1488.606271  	100.713296 
1490.043149  	100.666644 
1491.480028  	100.710054 
1492.916907  	100.739566 
1494.353785  	100.723267 
1495.790664  	100.738344 
1497.227543  	100.802257 
1498.664421  	100.768529 
1500.101300  	100.689971 
1501.538179  	100.684606 
1502.975057  	100.705577 
1504.411936  	100.714808 
1505.848815  	100.682456 
1507.285693  	100.593589 
1508.722572  	100.674765 
1510.159450  	100.701424 
1511.596329  	100.731854 
1513.033208  	100.727049 
1514.470086  	100.713395 
1515.906965  	100.752000 
1517.343844  	100.726944 
1518.780722  	100.614324 
1520.217601  	100.571513 
1521.654480  	100.661015 
1523.091358  	100.684471 
1524.528237  	100.624633 
1525.965115  	100.647177 
1527.401994  	100.737039 
1528.838873  	100.753939 
1530.275751  	100.711349 
1531.712630  	100.685545 
1533.149509  	100.701859 
1534.586387  	100.738713 
1536.023266  	100.718562 
1537.460145  	100.695183 
1538.897023  	100.667064 
1540.333902  	100.729099 
1541.770780  	100.773891 
1543.207659  	100.665806 
1544.644538  	100.608031 
1546.081416  	100.692096 
1547.518295  	100.711072 
1548.955174  	100.663056 
1550.392052  	100.626904 
1551.828931  	100.687254 
1553.265810  	100.741286 
1554.702688  	100.765559 
1556.139567  	100.766666 
1557.576446  	100.774249 
1559.013324  	100.612681 
1560.450203  	100.691233 
1561.887081  	100.662907 
1563.323960  	100.624625 
1564.760839  	100.632152 
1566.197717  	100.660706 
1567.634596  	100.620371 
1569.071475  	100.579839 
1570.508353  	100.644157 
1571.945232  	100.690174 
1573.382111  	100.680234 
1574.818989  	100.683292 
1576.255868  	100.681874 
1577.692746  	100.671994 
1579.129625  	100.673156 
1580.566504  	100.656217 
1582.003382  	100.612703 
1583.440261  	100.614555 
1584.877140  	100.594128 
1586.314018  	100.595782 
1587.750897  	100.590695 
1589.187776  	100.631465 
1590.624654  	100.696841 
1592.061533  	100.719343 
1593.498412  	100.703792 
1594.935290  	100.699259 
1596.372169  	100.720324 
1597.809047  	100.750668 
1599.245926  	100.749167 
1600.682805  	100.672950 
1602.119683  	100.651428 
1603.556562  	100.739085 
1604.993441  	100.798217 
1606.430319  	100.760164 
1607.867198  	100.739831 
1609.304077  	100.807396 
1610.740955  	100.864086 
1612.177834  	100.791319 
1613.614712  	100.687847 
1615.051591  	100.697182 
1616.488470  	100.799434 
1617.925348  	100.813430 
1619.362227  	100.733942 
1620.799106  	100.712553 
1622.235984  	100.777537 
1623.672863  	100.863669 
1625.109742  	100.815205 
1626.546620  	100.761767 
1627.983499  	100.758984 
1629.420378  	100.780701 
1630.857256  	100.785224 
1632.294135  	100.730767 
1633.731013  	100.674951 
1635.167892  	100.714983 
1636.604771  	100.905667 
1638.041649  	100.855166 
1639.478528  	100.716020 
1640.915407  	100.672283 
1642.352285  	100.773580 
1643.789164  	100.859462 
1645.226043  	100.843738 
1646.662921  	100.738506 
1648.099800  	100.698378 
1649.536678  	100.767552 
1650.973557  	100.808544 
1652.410436  	100.724732 
1653.847314  	100.426065 
1655.284193  	100.723080 
1656.721072  	100.795791 
1658.157950  	100.774418 
1659.594829  	100.679811 
1661.031708  	100.665244 
1662.468586  	100.725032 
1663.905465  	100.735256 
1665.342344  	100.706099 
1666.779222  	100.721159 
1668.216101  	100.749599 
1669.652979  	100.752164 
1671.089858  	100.789120 
1672.526737  	100.798972 
1673.963615  	100.788739 
1675.400494  	100.789166 
1676.837373  	100.751941 
1678.274251  	100.694219 
1679.711130  	100.652151 
1681.148009  	100.685946 
1682.584887  	100.741157 
1684.021766  	100.836132 
1685.458644  	100.874871 
1686.895523  	100.792343 
1688.332402  	100.755487 
1689.769280  	100.791130 
1691.206159  	100.816521 
1692.643038  	100.782655 
1694.079916  	100.740350 
1695.516795  	100.742867 
1696.953674  	100.776424 
1698.390552  	100.738732 
1699.827431  	100.639997 
1701.264310  	100.669995 
1702.701188  	100.727266 
1704.138067  	100.735459 
1705.574945  	100.756689 
1707.011824  	100.731542 
1708.448703  	100.728066 
1709.885581  	100.780576 
1711.322460  	100.781930 
1712.759339  	100.727866 
1714.196217  	100.704100 
1715.633096  	100.717006 
1717.069975  	100.663121 
1718.506853  	100.628816 
1719.943732  	100.720954 
1721.380610  	100.738972 
1722.817489  	100.718836 
1724.254368  	100.724927 
1725.691246  	100.731127 
1727.128125  	100.731953 
1728.565004  	100.736735 
1730.001882  	100.739248 
1731.438761  	100.732536 
1732.875640  	100.753650 
1734.312518  	100.755568 
1735.749397  	100.769988 
1737.186276  	100.772095 
1738.623154  	100.770898 
1740.060033  	100.778351 
1741.496911  	100.751266 
1742.933790  	100.730776 
1744.370669  	100.738367 
1745.807547  	100.738003 
1747.244426  	100.707946 
1748.681305  	100.728942 
1750.118183  	100.806374 
1751.555062  	100.807850 
1752.991941  	100.770868 
1754.428819  	100.795627 
1755.865698  	100.809356 
1757.302576  	100.775799 
1758.739455  	100.741665 
1760.176334  	100.726707 
1761.613212  	100.712694 
1763.050091  	100.728041 
1764.486970  	100.736664 
1765.923848  	100.748957 
1767.360727  	100.802281 
1768.797606  	100.822908 
1770.234484  	100.809065 
1771.671363  	100.843456 
1773.108242  	100.885564 
1774.545120  	100.808827 
1775.981999  	100.687347 
1777.418877  	100.633232 
1778.855756  	100.682964 
1780.292635  	100.730060 
1781.729513  	100.764078 
1783.166392  	100.833913 
1784.603271  	100.854273 
1786.040149  	100.820852 
1787.477028  	100.846460 
1788.913907  	100.855061 
1790.350785  	100.790205 
1791.787664  	100.765435 
1793.224542  	100.796935 
1794.661421  	100.767445 
1796.098300  	100.743260 
1797.535178  	100.765813 
1798.972057  	100.811071 
1800.408936  	100.842733 
1801.845814  	100.813553 
1803.282693  	100.769488 
1804.719572  	100.793053 
1806.156450  	100.840899 
1807.593329  	100.835981 
1809.030207  	100.799873 
1810.467086  	100.801536 
1811.903965  	100.839882 
1813.340843  	100.865798 
1814.777722  	100.851334 
1816.214601  	100.817718 
1817.651479  	100.839100 
1819.088358  	100.880255 
1820.525237  	100.876120 
1821.962115  	100.836477 
1823.398994  	100.836046 
1824.835873  	100.873762 
1826.272751  	100.925690 
1827.709630  	100.907703 
1829.146508  	100.857467 
1830.583387  	100.857432 
1832.020266  	100.876786 
1833.457144  	100.836985 
1834.894023  	100.811308 
1836.330902  	100.833422 
1837.767780  	100.846839 
1839.204659  	100.832232 
1840.641538  	100.819362 
1842.078416  	100.803550 
1843.515295  	100.812126 
1844.952173  	100.861928 
1846.389052  	100.862654 
1847.825931  	100.802495 
1849.262809  	100.787585 
1850.699688  	100.834939 
1852.136567  	100.843531 
1853.573445  	100.769319 
1855.010324  	100.770580 
1856.447203  	100.817776 
1857.884081  	100.832161 
1859.320960  	100.866552 
1860.757839  	100.894050 
1862.194717  	100.849034 
1863.631596  	100.831220 
1865.068474  	100.865423 
1866.505353  	100.888101 
1867.942232  	100.826810 
1869.379110  	100.785572 
1870.815989  	100.809212 
1872.252868  	100.793170 
1873.689746  	100.762172 
1875.126625  	100.811926 
1876.563504  	100.876308 
1878.000382  	100.878772 
1879.437261  	100.873121 
1880.874139  	100.874678 
1882.311018  	100.867309 
1883.747897  	100.886981 
1885.184775  	100.901394 
1886.621654  	100.844528 
1888.058533  	100.761877 
1889.495411  	100.892594 
1890.932290  	101.007345 
1892.369169  	100.913324 
1893.806047  	100.810544 
1895.242926  	100.788500 
1896.679805  	100.780837 
1898.116683  	100.822107 
1899.553562  	100.883966 
1900.990440  	100.896479 
1902.427319  	100.900654 
1903.864198  	100.916349 
1905.301076  	100.933663 
1906.737955  	100.936678 
1908.174834  	100.929939 
1909.611712  	100.892924 
1911.048591  	100.875501 
1912.485470  	100.866873 
1913.922348  	100.848973 
1915.359227  	100.832027 
1916.796105  	100.872449 
1918.232984  	100.923954 
1919.669863  	100.925713 
1921.106741  	100.922759 
1922.543620  	100.873507 
1923.980499  	100.782176 
1925.417377  	100.776552 
1926.854256  	100.885857 
1928.291135  	100.950416 
1929.728013  	100.988485 
1931.164892  	100.979747 
1932.601771  	100.983501 
1934.038649  	100.959522 
1935.475528  	100.953210 
1936.912406  	100.942207 
1938.349285  	100.925160 
1939.786164  	100.956640 
1941.223042  	100.949597 
1942.659921  	101.008338 
1944.096800  	101.186684 
1945.533678  	101.188539 
1946.970557  	101.038235 
1948.407436  	100.992042 
1949.844314  	100.981326 
1951.281193  	100.992574 
1952.718071  	101.040210 
1954.154950  	100.959632 
1955.591829  	100.975988 
1957.028707  	101.203272 
1958.465586  	101.130731 
1959.902465  	100.804856 
1961.339343  	100.841792 
1962.776222  	101.015059 
1964.213101  	100.950426 
1965.649979  	100.882500 
1967.086858  	100.851241 
1968.523737  	100.824644 
1969.960615  	100.880132 
1971.397494  	100.858487 
1972.834372  	100.698986 
1974.271251  	100.635011 
1975.708130  	100.756665 
1977.145008  	100.895849 
1978.581887  	100.931408 
1980.018766  	100.846957 
1981.455644  	100.725313 
1982.892523  	100.673271 
1984.329402  	100.770745 
1985.766280  	100.820036 
1987.203159  	100.799929 
1988.640037  	100.756110 
1990.076916  	100.723582 
1991.513795  	100.719863 
1992.950673  	100.693432 
1994.387552  	100.620124 
1995.824431  	100.622588 
1997.261309  	100.603800 
1998.698188  	100.537020 
2000.135067  	100.824361 
2001.571945  	101.042566 
2003.008824  	100.698044 
2004.445703  	100.540025 
2005.882581  	100.787294 
2007.319460  	100.837605 
2008.756338  	100.759443 
2010.193217  	100.599113 
2011.630096  	100.420432 
2013.066974  	100.590855 
2014.503853  	100.835717 
2015.940732  	100.887707 
2017.377610  	101.001133 
2018.814489  	100.920873 
2020.251368  	100.647769 
2021.688246  	100.587686 
2023.125125  	100.644168 
2024.562003  	100.632910 
2025.998882  	100.618664 
2027.435761  	100.624651 
2028.872639  	100.548237 
2030.309518  	100.309153 
2031.746397  	100.220479 
2033.183275  	100.413457 
2034.620154  	100.353816 
2036.057033  	100.225817 
2037.493911  	100.508349 
2038.930790  	100.629430 
2040.367669  	100.419696 
2041.804547  	100.331010 
2043.241426  	100.324727 
2044.678304  	100.402011 
2046.115183  	100.556777 
2047.552062  	100.516244 
2048.988940  	100.539351 
2050.425819  	100.716263 
2051.862698  	100.597869 
2053.299576  	100.450989 
2054.736455  	100.640975 
2056.173334  	100.712343 
2057.610212  	100.558763 
2059.047091  	100.653707 
2060.483969  	100.821484 
2061.920848  	100.740975 
2063.357727  	100.634790 
2064.794605  	100.578828 
2066.231484  	100.578530 
2067.668363  	100.736646 
2069.105241  	100.833595 
2070.542120  	100.798996 
2071.978999  	100.799610 
2073.415877  	100.752789 
2074.852756  	100.665709 
2076.289635  	100.691310 
2077.726513  	100.760394 
2079.163392  	100.855190 
2080.600270  	100.909911 
2082.037149  	100.808765 
2083.474028  	100.753783 
2084.910906  	100.815154 
2086.347785  	100.765764 
2087.784664  	100.666437 
2089.221542  	100.647658 
2090.658421  	100.671485 
2092.095300  	100.756976 
2093.532178  	100.821043 
2094.969057  	100.775837 
2096.405935  	100.751814 
2097.842814  	100.801184 
2099.279693  	100.834549 
2100.716571  	100.841988 
2102.153450  	100.875125 
2103.590329  	100.956137 
2105.027207  	101.017045 
2106.464086  	100.980396 
2107.900965  	100.867547 
2109.337843  	100.738474 
2110.774722  	100.686117 
2112.211600  	100.735848 
2113.648479  	100.809949 
2115.085358  	100.888367 
2116.522236  	100.907980 
2117.959115  	100.821606 
2119.395994  	100.798429 
2120.832872  	100.864743 
2122.269751  	100.878200 
2123.706630  	100.899885 
2125.143508  	100.930244 
2126.580387  	100.870476 
2128.017266  	100.862917 
2129.454144  	101.005057 
2130.891023  	101.155782 
2132.327901  	101.144161 
2133.764780  	100.945066 
2135.201659  	100.868755 
2136.638537  	100.997855 
2138.075416  	101.018395 
2139.512295  	100.969830 
2140.949173  	100.953650 
2142.386052  	100.931869 
2143.822931  	101.084082 
2145.259809  	101.232721 
2146.696688  	101.064116 
2148.133566  	100.826524 
2149.570445  	100.739122 
2151.007324  	100.890078 
2152.444202  	101.199343 
2153.881081  	101.207080 
2155.317960  	101.167135 
2156.754838  	101.390164 
2158.191717  	101.090325 
2159.628596  	100.307677 
2161.065474  	100.240708 
2162.502353  	100.607046 
2163.939232  	100.722033 
2165.376110  	100.547757 
2166.812989  	100.347955 
2168.249867  	100.273601 
2169.686746  	100.151678 
2171.123625  	100.114749 
2172.560503  	100.547552 
2173.997382  	100.947766 
2175.434261  	100.799223 
2176.871139  	100.497591 
2178.308018  	100.427862 
2179.744897  	100.440043 
2181.181775  	100.449773 
2182.618654  	100.417704 
2184.055532  	100.318189 
2185.492411  	100.355095 
2186.929290  	100.593696 
2188.366168  	100.674545 
2189.803047  	100.513186 
2191.239926  	100.512083 
2192.676804  	100.686980 
2194.113683  	100.694597 
2195.550562  	100.654352 
2196.987440  	100.713958 
2198.424319  	100.636397 
2199.861198  	100.501021 
2201.298076  	100.561661 
2202.734955  	100.596370 
2204.171833  	100.502890 
2205.608712  	100.531373 
2207.045591  	100.584952 
2208.482469  	100.509392 
2209.919348  	100.562729 
2211.356227  	100.701835 
2212.793105  	100.594096 
2214.229984  	100.429386 
2215.666863  	100.503395 
2217.103741  	100.560824 
2218.540620  	100.431368 
2219.977498  	100.357896 
2221.414377  	100.398046 
2222.851256  	100.448949 
2224.288134  	100.515155 
2225.725013  	100.475211 
2227.161892  	100.342070 
2228.598770  	100.400786 
2230.035649  	100.493436 
2231.472528  	100.384712 
2232.909406  	100.394279 
2234.346285  	100.548038 
2235.783164  	100.548774 
2237.220042  	100.506191 
2238.656921  	100.505877 
2240.093799  	100.499025 
2241.530678  	100.529560 
2242.967557  	100.512543 
2244.404435  	100.458574 
2245.841314  	100.486596 
2247.278193  	100.579483 
2248.715071  	100.741665 
2250.151950  	100.816870 
2251.588829  	100.705849 
2253.025707  	100.619968 
2254.462586  	100.611804 
2255.899464  	100.607537 
2257.336343  	100.690364 
2258.773222  	100.763158 
2260.210100  	100.745726 
2261.646979  	100.752430 
2263.083858  	100.754406 
2264.520736  	100.711496 
2265.957615  	100.700357 
2267.394494  	100.698745 
2268.831372  	100.685678 
2270.268251  	100.648170 
2271.705130  	100.605992 
2273.142008  	100.630439 
2274.578887  	100.664386 
2276.015765  	100.670031 
2277.452644  	100.686140 
2278.889523  	100.690482 
2280.326401  	100.702594 
2281.763280  	100.719588 
2283.200159  	100.702584 
2284.637037  	100.683600 
2286.073916  	100.689389 
2287.510795  	100.708301 
2288.947673  	100.752638 
2290.384552  	100.778708 
2291.821430  	100.773959 
2293.258309  	100.792600 
2294.695188  	100.798294 
2296.132066  	100.788462 
2297.568945  	100.780188 
2299.005824  	100.710233 
2300.442702  	100.671162 
2301.879581  	100.746291 
2303.316460  	100.790919 
2304.753338  	100.741144 
2306.190217  	100.704773 
2307.627096  	100.728337 
2309.063974  	100.772085 
2310.500853  	100.787721 
2311.937731  	100.788790 
2313.374610  	100.825936 
2314.811489  	100.853948 
2316.248367  	100.815967 
2317.685246  	100.754666 
2319.122125  	100.723538 
2320.559003  	100.725341 
2321.995882  	100.764211 
2323.432761  	100.808901 
2324.869639  	100.797269 
2326.306518  	100.792681 
2327.743396  	100.871219 
2329.180275  	100.914790 
2330.617154  	100.877674 
2332.054032  	100.921644 
2333.490911  	100.981959 
2334.927790  	100.935766 
2336.364668  	100.916588 
2337.801547  	100.957004 
2339.238426  	100.967432 
2340.675304  	100.956530 
2342.112183  	100.903129 
2343.549062  	100.854545 
2344.985940  	100.861335 
2346.422819  	100.845789 
2347.859697  	100.850751 
2349.296576  	100.900892 
2350.733455  	100.920226 
2352.170333  	100.940516 
2353.607212  	100.995507 
2355.044091  	100.967809 
2356.480969  	100.906004 
2357.917848  	100.877377 
2359.354727  	100.812005 
2360.791605  	100.803165 
2362.228484  	100.800281 
2363.665362  	100.708902 
2365.102241  	100.694070 
2366.539120  	100.707975 
2367.975998  	100.635674 
2369.412877  	100.604225 
2370.849756  	100.622527 
2372.286634  	100.637383 
2373.723513  	100.655024 
2375.160392  	100.652506 
2376.597270  	100.659397 
2378.034149  	100.686503 
2379.471027  	100.701407 
2380.907906  	100.716534 
2382.344785  	100.731939 
2383.781663  	100.763947 
2385.218542  	100.826524 
2386.655421  	100.844647 
2388.092299  	100.806536 
2389.529178  	100.802206 
2390.966057  	100.859965 
2392.402935  	100.938409 
2393.839814  	100.954771 
2395.276693  	100.906088 
2396.713571  	100.900446 
2398.150450  	100.914764 
2399.587328  	100.882725 
2401.024207  	100.884987 
2402.461086  	100.937503 
2403.897964  	100.978232 
2405.334843  	101.001686 
2406.771722  	100.993324 
2408.208600  	100.971404 
2409.645479  	100.965735 
2411.082358  	100.942527 
2412.519236  	100.927843 
2413.956115  	100.951095 
2415.392993  	100.969169 
2416.829872  	100.987924 
2418.266751  	101.011070 
2419.703629  	100.998415 
2421.140508  	100.957106 
2422.577387  	100.916685 
2424.014265  	100.921241 
2425.451144  	100.977397 
2426.888023  	100.995731 
2428.324901  	100.946520 
2429.761780  	100.887064 
2431.198659  	100.842799 
2432.635537  	100.839482 
2434.072416  	100.873417 
2435.509294  	100.882535 
2436.946173  	100.863253 
2438.383052  	100.852990 
2439.819930  	100.869835 
2441.256809  	100.908964 
2442.693688  	100.905173 
2444.130566  	100.859503 
2445.567445  	100.864993 
2447.004324  	100.889841 
2448.441202  	100.873168 
2449.878081  	100.875568 
2451.314959  	100.901753 
2452.751838  	100.907552 
2454.188717  	100.905136 
2455.625595  	100.904680 
2457.062474  	100.929664 
2458.499353  	100.959268 
2459.936231  	100.931928 
2461.373110  	100.915591 
2462.809989  	100.954925 
2464.246867  	100.961326 
2465.683746  	100.940957 
2467.120625  	100.940198 
2468.557503  	100.941839 
2469.994382  	100.961845 
2471.431260  	100.975509 
2472.868139  	100.951976 
2474.305018  	100.950309 
2475.741896  	100.971782 
2477.178775  	100.963662 
2478.615654  	100.937150 
2480.052532  	100.936752 
2481.489411  	100.971746 
2482.926290  	100.972727 
2484.363168  	100.932573 
2485.800047  	100.943749 
2487.236925  	100.964550 
2488.673804  	100.922660 
2490.110683  	100.886807 
2491.547561  	100.903250 
2492.984440  	100.973974 
2494.421319  	101.044262 
2495.858197  	100.999979 
2497.295076  	100.900818 
2498.731955  	100.881892 
2500.168833  	100.921746 
2501.605712  	100.954249 
2503.042591  	100.945094 
2504.479469  	100.931948 
2505.916348  	100.970063 
2507.353226  	100.970674 
2508.790105  	100.924098 
2510.226984  	100.949374 
2511.663862  	100.976203 
2513.100741  	100.935749 
2514.537620  	100.924424 
2515.974498  	100.921323 
2517.411377  	100.869372 
2518.848256  	100.836979 
2520.285134  	100.864605 
2521.722013  	100.925545 
2523.158891  	100.955015 
2524.595770  	100.923517 
2526.032649  	100.915638 
2527.469527  	100.939294 
2528.906406  	100.923626 
2530.343285  	100.918377 
2531.780163  	100.948409 
2533.217042  	100.951047 
2534.653921  	100.929968 
2536.090799  	100.898781 
2537.527678  	100.880778 
2538.964557  	100.914372 
2540.401435  	100.932218 
2541.838314  	100.909061 
2543.275192  	100.904668 
2544.712071  	100.888933 
2546.148950  	100.868333 
2547.585828  	100.892994 
2549.022707  	100.909175 
2550.459586  	100.902633 
2551.896464  	100.891867 
2553.333343  	100.856971 
2554.770222  	100.837591 
2556.207100  	100.830890 
2557.643979  	100.810743 
2559.080857  	100.823739 
2560.517736  	100.834479 
2561.954615  	100.815954 
2563.391493  	100.821776 
2564.828372  	100.824283 
2566.265251  	100.834196 
2567.702129  	100.873071 
2569.139008  	100.844636 
2570.575887  	100.783649 
2572.012765  	100.786929 
2573.449644  	100.790884 
2574.886523  	100.769844 
2576.323401  	100.753672 
2577.760280  	100.733532 
2579.197158  	100.756931 
2580.634037  	100.819979 
2582.070916  	100.814283 
2583.507794  	100.747222 
2584.944673  	100.730369 
2586.381552  	100.766468 
2587.818430  	100.780020 
2589.255309  	100.772126 
2590.692188  	100.767664 
2592.129066  	100.758007 
2593.565945  	100.760374 
2595.002823  	100.762493 
2596.439702  	100.742161 
2597.876581  	100.747516 
2599.313459  	100.775081 
2600.750338  	100.775135 
2602.187217  	100.764454 
2603.624095  	100.759043 
2605.060974  	100.762892 
2606.497853  	100.774678 
2607.934731  	100.766926 
2609.371610  	100.757212 
2610.808489  	100.763837 
2612.245367  	100.781896 
2613.682246  	100.823521 
2615.119124  	100.832687 
2616.556003  	100.781926 
2617.992882  	100.760996 
2619.429760  	100.783038 
2620.866639  	100.807671 
2622.303518  	100.835125 
2623.740396  	100.822295 
2625.177275  	100.780889 
2626.614154  	100.793633 
2628.051032  	100.833678 
2629.487911  	100.831935 
2630.924789  	100.801872 
2632.361668  	100.781815 
2633.798547  	100.788379 
2635.235425  	100.808614 
2636.672304  	100.815650 
2638.109183  	100.810626 
2639.546061  	100.814334 
2640.982940  	100.828004 
2642.419819  	100.831037 
2643.856697  	100.822597 
2645.293576  	100.826892 
2646.730454  	100.845612 
2648.167333  	100.862456 
2649.604212  	100.877006 
2651.041090  	100.888125 
2652.477969  	100.883484 
2653.914848  	100.875332 
2655.351726  	100.896366 
2656.788605  	100.928993 
2658.225484  	100.927267 
2659.662362  	100.911391 
2661.099241  	100.917897 
2662.536120  	100.926461 
2663.972998  	100.927285 
2665.409877  	100.941911 
2666.846755  	100.954731 
2668.283634  	100.934776 
2669.720513  	100.909058 
2671.157391  	100.916089 
2672.594270  	100.929874 
2674.031149  	100.931386 
2675.468027  	100.945168 
2676.904906  	100.960706 
2678.341785  	100.964421 
2679.778663  	100.972322 
2681.215542  	100.976314 
2682.652420  	100.975622 
2684.089299  	100.977034 
2685.526178  	100.970784 
2686.963056  	100.977739 
2688.399935  	100.997691 
2689.836814  	100.996776 
2691.273692  	100.989792 
2692.710571  	100.986461 
2694.147450  	100.977666 
2695.584328  	100.982896 
2697.021207  	100.988081 
2698.458086  	100.974394 
2699.894964  	100.974667 
2701.331843  	100.993721 
2702.768721  	100.997569 
2704.205600  	100.981015 
2705.642479  	100.972636 
2707.079357  	100.983583 
2708.516236  	100.986537 
2709.953115  	100.980647 
2711.389993  	100.990477 
2712.826872  	100.998637 
2714.263751  	100.989317 
2715.700629  	100.980120 
2717.137508  	100.980898 
2718.574386  	100.993558 
2720.011265  	101.011446 
2721.448144  	101.020566 
2722.885022  	101.019494 
2724.321901  	101.010502 
2725.758780  	101.000418 
2727.195658  	101.004195 
2728.632537  	101.023106 
2730.069416  	101.033869 
2731.506294  	101.025164 
2732.943173  	101.028942 
2734.380052  	101.052050 
2735.816930  	101.054216 
2737.253809  	101.042159 
2738.690687  	101.041413 
2740.127566  	101.037286 
2741.564445  	101.036732 
2743.001323  	101.048723 
2744.438202  	101.046904 
2745.875081  	101.038216 
2747.311959  	101.050449 
2748.748838  	101.063931 
2750.185717  	101.049841 
2751.622595  	101.028884 
2753.059474  	101.027581 
2754.496352  	101.033021 
2755.933231  	101.042456 
2757.370110  	101.061451 
2758.806988  	101.060153 
2760.243867  	101.036483 
2761.680746  	101.031180 
2763.117624  	101.044678 
2764.554503  	101.042672 
2765.991382  	101.023408 
2767.428260  	101.021253 
2768.865139  	101.042268 
2770.302018  	101.052573 
2771.738896  	101.042374 
2773.175775  	101.023781 
2774.612653  	101.015938 
2776.049532  	101.038050 
2777.486411  	101.055178 
2778.923289  	101.047774 
2780.360168  	101.056102 
2781.797047  	101.062737 
2783.233925  	101.047383 
2784.670804  	101.056904 
2786.107683  	101.077885 
2787.544561  	101.064813 
2788.981440  	101.037028 
2790.418318  	101.017654 
2791.855197  	101.016252 
2793.292076  	101.041833 
2794.728954  	101.069275 
2796.165833  	101.071444 
2797.602712  	101.063297 
2799.039590  	101.061603 
2800.476469  	101.051532 
2801.913348  	101.040562 
2803.350226  	101.052270 
2804.787105  	101.062933 
2806.223984  	101.059238 
2807.660862  	101.057851 
2809.097741  	101.049703 
2810.534619  	101.049182 
2811.971498  	101.071102 
2813.408377  	101.072999 
2814.845255  	101.047799 
2816.282134  	101.038116 
2817.719013  	101.059115 
2819.155891  	101.088337 
2820.592770  	101.090766 
2822.029649  	101.071143 
2823.466527  	101.060356 
2824.903406  	101.061039 
2826.340284  	101.064481 
2827.777163  	101.064809 
2829.214042  	101.078321 
2830.650920  	101.108035 
2832.087799  	101.097888 
2833.524678  	101.062561 
2834.961556  	101.071699 
2836.398435  	101.091078 
2837.835314  	101.081669 
2839.272192  	101.066701 
2840.709071  	101.061024 
2842.145950  	101.078749 
2843.582828  	101.090613 
2845.019707  	101.072502 
2846.456585  	101.078692 
2847.893464  	101.103145 
2849.330343  	101.098899 
2850.767221  	101.094080 
2852.204100  	101.101876 
2853.640979  	101.096558 
2855.077857  	101.076448 
2856.514736  	101.075574 
2857.951615  	101.112123 
2859.388493  	101.119756 
2860.825372  	101.079586 
2862.262250  	101.074560 
2863.699129  	101.095649 
2865.136008  	101.085746 
2866.572886  	101.071274 
2868.009765  	101.072440 
2869.446644  	101.075308 
2870.883522  	101.074883 
2872.320401  	101.088740 
2873.757280  	101.123951 
2875.194158  	101.119374 
2876.631037  	101.070741 
2878.067916  	101.063750 
2879.504794  	101.085876 
2880.941673  	101.090505 
2882.378551  	101.105651 
2883.815430  	101.118224 
2885.252309  	101.106333 
2886.689187  	101.096868 
2888.126066  	101.086948 
2889.562945  	101.082797 
2890.999823  	101.107553 
2892.436702  	101.118533 
2893.873581  	101.093293 
2895.310459  	101.088604 
2896.747338  	101.114294 
2898.184216  	101.124613 
2899.621095  	101.115347 
2901.057974  	101.100506 
2902.494852  	101.089514 
2903.931731  	101.096856 
2905.368610  	101.102545 
2906.805488  	101.092414 
2908.242367  	101.090890 
2909.679246  	101.093542 
2911.116124  	101.097161 
2912.553003  	101.122107 
2913.989882  	101.137792 
2915.426760  	101.122118 
2916.863639  	101.114763 
2918.300517  	101.116993 
2919.737396  	101.096801 
2921.174275  	101.075175 
2922.611153  	101.076223 
2924.048032  	101.080067 
2925.484911  	101.081547 
2926.921789  	101.087701 
2928.358668  	101.087152 
2929.795547  	101.087325 
2931.232425  	101.084736 
2932.669304  	101.064879 
2934.106182  	101.072061 
2935.543061  	101.106462 
2936.979940  	101.099748 
2938.416818  	101.075996 
2939.853697  	101.077355 
2941.290576  	101.067307 
2942.727454  	101.045900 
2944.164333  	101.050315 
2945.601212  	101.076953 
2947.038090  	101.093137 
2948.474969  	101.091364 
2949.911847  	101.102465 
2951.348726  	101.111362 
2952.785605  	101.101759 
2954.222483  	101.116959 
2955.659362  	101.123386 
2957.096241  	101.092984 
2958.533119  	101.103636 
2959.969998  	101.130444 
2961.406877  	101.105247 
2962.843755  	101.076908 
2964.280634  	101.071213 
2965.717513  	101.080469 
2967.154391  	101.111143 
2968.591270  	101.134062 
2970.028148  	101.138134 
2971.465027  	101.120229 
2972.901906  	101.079797 
2974.338784  	101.061248 
2975.775663  	101.063558 
2977.212542  	101.063042 
2978.649420  	101.086674 
2980.086299  	101.114778 
2981.523178  	101.110836 
2982.960056  	101.108119 
2984.396935  	101.127787 
2985.833813  	101.140954 
2987.270692  	101.125744 
2988.707571  	101.094108 
2990.144449  	101.078565 
2991.581328  	101.095101 
2993.018207  	101.113233 
2994.455085  	101.098443 
2995.891964  	101.091921 
2997.328843  	101.129482 
2998.765721  	101.148421 
3000.202600  	101.129332 
3001.639479  	101.128775 
3003.076357  	101.135628 
3004.513236  	101.116560 
3005.950114  	101.101994 
3007.386993  	101.118190 
3008.823872  	101.127600 
3010.260750  	101.093883 
3011.697629  	101.073365 
3013.134508  	101.104344 
3014.571386  	101.121739 
3016.008265  	101.121093 
3017.445144  	101.130277 
3018.882022  	101.110966 
3020.318901  	101.092105 
3021.755779  	101.121026 
3023.192658  	101.146999 
3024.629537  	101.142201 
3026.066415  	101.131137 
3027.503294  	101.121846 
3028.940173  	101.115194 
3030.377051  	101.108899 
3031.813930  	101.107350 
3033.250809  	101.118076 
3034.687687  	101.135095 
3036.124566  	101.151836 
3037.561445  	101.161189 
3038.998323  	101.161986 
3040.435202  	101.146529 
3041.872080  	101.117529 
3043.308959  	101.124703 
3044.745838  	101.170419 
3046.182716  	101.188400 
3047.619595  	101.171185 
3049.056474  	101.160814 
3050.493352  	101.176799 
3051.930231  	101.193573 
3053.367110  	101.172376 
3054.803988  	101.143725 
3056.240867  	101.140757 
3057.677745  	101.133031 
3059.114624  	101.122851 
3060.551503  	101.117360 
3061.988381  	101.099986 
3063.425260  	101.097433 
3064.862139  	101.105242 
3066.299017  	101.088852 
3067.735896  	101.083131 
3069.172775  	101.123293 
3070.609653  	101.176750 
3072.046532  	101.183330 
3073.483411  	101.144260 
3074.920289  	101.137181 
3076.357168  	101.161491 
3077.794046  	101.147916 
3079.230925  	101.118586 
3080.667804  	101.122797 
3082.104682  	101.150131 
3083.541561  	101.167690 
3084.978440  	101.151287 
3086.415318  	101.134895 
3087.852197  	101.146187 
3089.289076  	101.140126 
3090.725954  	101.128962 
3092.162833  	101.157071 
3093.599711  	101.172544 
3095.036590  	101.151623 
3096.473469  	101.149922 
3097.910347  	101.157295 
3099.347226  	101.132762 
3100.784105  	101.115349 
3102.220983  	101.141716 
3103.657862  	101.159311 
3105.094741  	101.138123 
3106.531619  	101.133928 
3107.968498  	101.159916 
3109.405377  	101.176220 
3110.842255  	101.197025 
3112.279134  	101.218844 
3113.716012  	101.194590 
3115.152891  	101.152284 
3116.589770  	101.138436 
3118.026648  	101.147576 
3119.463527  	101.172454 
3120.900406  	101.192725 
3122.337284  	101.201972 
3123.774163  	101.211129 
3125.211042  	101.184733 
3126.647920  	101.142643 
3128.084799  	101.150825 
3129.521677  	101.169034 
3130.958556  	101.151336 
3132.395435  	101.130400 
3133.832313  	101.124378 
3135.269192  	101.126411 
3136.706071  	101.113345 
3138.142949  	101.094254 
3139.579828  	101.117534 
3141.016707  	101.149537 
3142.453585  	101.155379 
3143.890464  	101.171978 
3145.327343  	101.181169 
3146.764221  	101.178916 
3148.201100  	101.202920 
3149.637978  	101.210443 
3151.074857  	101.179130 
3152.511736  	101.160055 
3153.948614  	101.177345 
3155.385493  	101.216816 
3156.822372  	101.236025 
3158.259250  	101.214281 
3159.696129  	101.173016 
3161.133008  	101.136425 
3162.569886  	101.150258 
3164.006765  	101.204722 
3165.443643  	101.215408 
3166.880522  	101.183191 
3168.317401  	101.156835 
3169.754279  	101.147132 
3171.191158  	101.157687 
3172.628037  	101.163102 
3174.064915  	101.161046 
3175.501794  	101.168538 
3176.938673  	101.146958 
3178.375551  	101.114187 
3179.812430  	101.128365 
3181.249309  	101.148381 
3182.686187  	101.133365 
3184.123066  	101.106217 
3185.559944  	101.104807 
3186.996823  	101.140109 
3188.433702  	101.161668 
3189.870580  	101.155640 
3191.307459  	101.165784 
3192.744338  	101.186327 
3194.181216  	101.198085 
3195.618095  	101.194896 
3197.054974  	101.163429 
3198.491852  	101.145867 
3199.928731  	101.178118 
3201.365609  	101.198988 
3202.802488  	101.163732 
3204.239367  	101.121262 
3205.676245  	101.136470 
3207.113124  	101.197426 
3208.550003  	101.222112 
3209.986881  	101.189847 
3211.423760  	101.177998 
3212.860639  	101.191579 
3214.297517  	101.163588 
3215.734396  	101.135048 
3217.171274  	101.158022 
3218.608153  	101.182079 
3220.045032  	101.196070 
3221.481910  	101.212629 
3222.918789  	101.221465 
3224.355668  	101.242277 
3225.792546  	101.238309 
3227.229425  	101.184185 
3228.666304  	101.152796 
3230.103182  	101.157614 
3231.540061  	101.175730 
3232.976940  	101.181518 
3234.413818  	101.136259 
3235.850697  	101.143487 
3237.287575  	101.211164 
3238.724454  	101.166802 
3240.161333  	101.094278 
3241.598211  	101.119090 
3243.035090  	101.130983 
3244.471969  	101.129178 
3245.908847  	101.148620 
3247.345726  	101.140857 
3248.782605  	101.160846 
3250.219483  	101.196401 
3251.656362  	101.189241 
3253.093240  	101.191503 
3254.530119  	101.190039 
3255.966998  	101.173349 
3257.403876  	101.184655 
3258.840755  	101.164235 
3260.277634  	101.120638 
3261.714512  	101.139848 
3263.151391  	101.152312 
3264.588270  	101.092883 
3266.025148  	101.073188 
3267.462027  	101.152942 
3268.898906  	101.197774 
3270.335784  	101.150171 
3271.772663  	101.136048 
3273.209541  	101.162443 
3274.646420  	101.138832 
3276.083299  	101.128407 
3277.520177  	101.174956 
3278.957056  	101.194911 
3280.393935  	101.161484 
3281.830813  	101.129573 
3283.267692  	101.150657 
3284.704571  	101.189522 
3286.141449  	101.182857 
3287.578328  	101.183283 
3289.015206  	101.207620 
3290.452085  	101.167809 
3291.888964  	101.106950 
3293.325842  	101.116312 
3294.762721  	101.132938 
3296.199600  	101.113345 
3297.636478  	101.120807 
3299.073357  	101.167209 
3300.510236  	101.204638 
3301.947114  	101.200994 
3303.383993  	101.153990 
3304.820872  	101.118768 
3306.257750  	101.135932 
3307.694629  	101.171057 
3309.131507  	101.205105 
3310.568386  	101.220754 
3312.005265  	101.201034 
3313.442143  	101.202790 
3314.879022  	101.216097 
3316.315901  	101.172209 
3317.752779  	101.141253 
3319.189658  	101.168255 
3320.626537  	101.182885 
3322.063415  	101.188818 
3323.500294  	101.197875 
3324.937172  	101.187097 
3326.374051  	101.168527 
3327.810930  	101.130377 
3329.247808  	101.118879 
3330.684687  	101.190849 
3332.121566  	101.230375 
3333.558444  	101.180796 
3334.995323  	101.157144 
3336.432202  	101.175294 
3337.869080  	101.172622 
3339.305959  	101.166700 
3340.742838  	101.178854 
3342.179716  	101.185276 
3343.616595  	101.185639 
3345.053473  	101.215307 
3346.490352  	101.235308 
3347.927231  	101.183475 
3349.364109  	101.148046 
3350.800988  	101.190725 
3352.237867  	101.205450 
3353.674745  	101.169796 
3355.111624  	101.162056 
3356.548503  	101.179804 
3357.985381  	101.196870 
3359.422260  	101.210490 
3360.859138  	101.220002 
3362.296017  	101.213447 
3363.732896  	101.159491 
3365.169774  	101.123558 
3366.606653  	101.190610 
3368.043532  	101.260661 
3369.480410  	101.237497 
3370.917289  	101.193657 
3372.354168  	101.198694 
3373.791046  	101.240161 
3375.227925  	101.260386 
3376.664804  	101.251416 
3378.101682  	101.256268 
3379.538561  	101.226778 
3380.975439  	101.164440 
3382.412318  	101.161048 
3383.849197  	101.144698 
3385.286075  	101.088429 
3386.722954  	101.138814 
3388.159833  	101.238703 
3389.596711  	101.263597 
3391.033590  	101.267713 
3392.470469  	101.281543 
3393.907347  	101.283816 
3395.344226  	101.254058 
3396.781104  	101.194124 
3398.217983  	101.205093 
3399.654862  	101.278444 
3401.091740  	101.275195 
3402.528619  	101.218119 
3403.965498  	101.193460 
3405.402376  	101.200868 
3406.839255  	101.205937 
3408.276134  	101.181940 
3409.713012  	101.190584 
3411.149891  	101.262841 
3412.586770  	101.302494 
3414.023648  	101.279112 
3415.460527  	101.230550 
3416.897405  	101.195408 
3418.334284  	101.220294 
3419.771163  	101.245331 
3421.208041  	101.228327 
3422.644920  	101.232298 
3424.081799  	101.200008 
3425.518677  	101.101570 
3426.955556  	101.081212 
3428.392435  	101.178518 
3429.829313  	101.279070 
3431.266192  	101.312039 
3432.703070  	101.294653 
3434.139949  	101.275653 
3435.576828  	101.265469 
3437.013706  	101.251179 
3438.450585  	101.236856 
3439.887464  	101.211844 
3441.324342  	101.187491 
3442.761221  	101.191090 
3444.198100  	101.195859 
3445.634978  	101.193113 
3447.071857  	101.224525 
3448.508736  	101.257587 
3449.945614  	101.233468 
3451.382493  	101.193422 
3452.819371  	101.170980 
3454.256250  	101.188328 
3455.693129  	101.259953 
3457.130007  	101.293705 
3458.566886  	101.225859 
3460.003765  	101.163771 
3461.440643  	101.186015 
3462.877522  	101.250549 
3464.314401  	101.259301 
3465.751279  	101.179095 
3467.188158  	101.153297 
3468.625036  	101.234784 
3470.061915  	101.262821 
3471.498794  	101.238619 
3472.935672  	101.236983 
3474.372551  	101.232278 
3475.809430  	101.262676 
3477.246308  	101.295751 
3478.683187  	101.253727 
3480.120066  	101.212718 
3481.556944  	101.198496 
3482.993823  	101.186562 
3484.430701  	101.207655 
3485.867580  	101.196969 
3487.304459  	101.145390 
3488.741337  	101.146403 
3490.178216  	101.192033 
3491.615095  	101.245290 
3493.051973  	101.278702 
3494.488852  	101.252969 
3495.925731  	101.222193 
3497.362609  	101.251208 
3498.799488  	101.308597 
3500.236367  	101.317240 
3501.673245  	101.238483 
3503.110124  	101.145505 
3504.547002  	101.142570 
3505.983881  	101.197447 
3507.420760  	101.225242 
3508.857638  	101.180108 
3510.294517  	101.123874 
3511.731396  	101.171613 
3513.168274  	101.234997 
3514.605153  	101.236710 
3516.042032  	101.255886 
3517.478910  	101.321119 
3518.915789  	101.363186 
3520.352667  	101.361806 
3521.789546  	101.344339 
3523.226425  	101.293550 
3524.663303  	101.217085 
3526.100182  	101.169520 
3527.537061  	101.117754 
3528.973939  	101.066131 
3530.410818  	101.087539 
3531.847697  	101.167170 
3533.284575  	101.267673 
3534.721454  	101.318478 
3536.158333  	101.310703 
3537.595211  	101.354174 
3539.032090  	101.403207 
3540.468968  	101.385234 
3541.905847  	101.414233 
3543.342726  	101.457616 
3544.779604  	101.360041 
3546.216483  	101.215862 
3547.653362  	101.235403 
3549.090240  	101.327945 
3550.527119  	101.347135 
3551.963998  	101.280005 
3553.400876  	101.229580 
3554.837755  	101.292686 
3556.274633  	101.368325 
3557.711512  	101.395023 
3559.148391  	101.372013 
3560.585269  	101.338851 
3562.022148  	101.434704 
3563.459027  	101.540591 
3564.895905  	101.403893 
3566.332784  	101.125223 
3567.769663  	101.050789 
3569.206541  	101.210649 
3570.643420  	101.226090 
3572.080299  	101.163769 
3573.517177  	101.139035 
3574.954056  	101.254439 
3576.390934  	101.402169 
3577.827813  	101.356439 
3579.264692  	101.209677 
3580.701570  	101.209828 
3582.138449  	101.374854 
3583.575328  	101.505610 
3585.012206  	101.450907 
3586.449085  	101.333284 
3587.885964  	101.428378 
3589.322842  	101.555023 
3590.759721  	101.324088 
3592.196599  	101.090925 
3593.633478  	101.055563 
3595.070357  	101.207669 
3596.507235  	101.370315 
3597.944114  	101.373025 
3599.380993  	101.314723 
3600.817871  	101.388081 
3602.254750  	101.566216 
3603.691629  	101.633965 
3605.128507  	101.513699 
3606.565386  	101.341745 
3608.002265  	101.384289 
3609.439143  	101.529687 
3610.876022  	101.339504 
3612.312900  	101.077616 
3613.749779  	101.045828 
3615.186658  	101.262601 
3616.623536  	101.413521 
3618.060415  	101.423167 
3619.497294  	101.265114 
3620.934172  	101.210855 
3622.371051  	101.359232 
3623.807930  	101.459795 
3625.244808  	101.404064 
3626.681687  	101.374573 
3628.118565  	101.555368 
3629.555444  	101.467430 
3630.992323  	101.196023 
3632.429201  	101.187795 
3633.866080  	101.135989 
3635.302959  	101.017922 
3636.739837  	101.092666 
3638.176716  	101.187416 
3639.613595  	101.167069 
3641.050473  	101.232168 
3642.487352  	101.420595 
3643.924231  	101.571871 
3645.361109  	101.679971 
3646.797988  	101.737619 
3648.234866  	101.535447 
3649.671745  	101.434251 
3651.108624  	101.481718 
3652.545502  	101.304962 
3653.982381  	101.132071 
3655.419260  	101.131696 
3656.856138  	101.341309 
3658.293017  	101.504955 
3659.729896  	101.387586 
3661.166774  	101.261748 
3662.603653  	101.374929 
3664.040531  	101.606874 
3665.477410  	101.679569 
3666.914289  	101.624646 
3668.351167  	101.655446 
3669.788046  	101.909880 
3671.224925  	102.015977 
3672.661803  	101.609892 
3674.098682  	101.225135 
3675.535561  	100.726033 
3676.972439  	101.043833 
3678.409318  	101.384879 
3679.846197  	101.267314 
3681.283075  	101.168010 
3682.719954  	101.308209 
3684.156832  	101.479126 
3685.593711  	101.520002 
3687.030590  	101.514890 
3688.467468  	101.504993 
3689.904347  	101.518771 
3691.341226  	101.487068 
3692.778104  	101.212168 
3694.214983  	100.977418 
3695.651862  	100.987369 
3697.088740  	101.158271 
3698.525619  	101.226837 
3699.962497  	101.165637 
3701.399376  	101.139183 
3702.836255  	101.253733 
3704.273133  	101.322245 
3705.710012  	101.344794 
3707.146891  	101.433126 
3708.583769  	101.489234 
3710.020648  	101.443864 
3711.457527  	101.413403 
3712.894405  	101.357831 
3714.331284  	101.250145 
3715.768163  	101.224771 
3717.205041  	101.248225 
3718.641920  	101.268381 
3720.078798  	101.351927 
3721.515677  	101.458281 
3722.952556  	101.470210 
3724.389434  	101.463020 
3725.826313  	101.528400 
3727.263192  	101.586561 
3728.700070  	101.510233 
3730.136949  	101.425852 
3731.573828  	101.521620 
3733.010706  	101.685726 
3734.447585  	101.586006 
3735.884463  	101.379366 
3737.321342  	101.430941 
3738.758221  	101.470101 
3740.195099  	101.471135 
3741.631978  	101.479858 
3743.068857  	101.440048 
3744.505735  	101.316616 
3745.942614  	101.405158 
3747.379493  	101.546149 
3748.816371  	101.514700 
3750.253250  	101.286613 
3751.690129  	101.074947 
3753.127007  	101.137779 
3754.563886  	101.264138 
3756.000764  	101.250397 
3757.437643  	101.220753 
3758.874522  	101.334008 
3760.311400  	101.455887 
3761.748279  	101.355829 
3763.185158  	101.261986 
3764.622036  	101.256561 
3766.058915  	101.279753 
3767.495794  	101.316168 
3768.932672  	101.288236 
3770.369551  	101.215075 
3771.806429  	101.360963 
3773.243308  	101.501660 
3774.680187  	101.497176 
3776.117065  	101.412831 
3777.553944  	101.420115 
3778.990823  	101.502584 
3780.427701  	101.424431 
3781.864580  	101.244610 
3783.301459  	101.275417 
3784.738337  	101.412556 
3786.175216  	101.381916 
3787.612094  	101.375329 
3789.048973  	101.533562 
3790.485852  	101.662885 
3791.922730  	101.654981 
3793.359609  	101.650072 
3794.796488  	101.576301 
3796.233366  	101.634579 
3797.670245  	101.781355 
3799.107124  	101.663235 
3800.544002  	101.489189 
3801.980881  	101.456391 
3803.417760  	101.516327 
3804.854638  	101.454414 
3806.291517  	101.466757 
3807.728395  	101.557365 
3809.165274  	101.611636 
3810.602153  	101.661680 
3812.039031  	101.642894 
3813.475910  	101.413802 
3814.912789  	101.351116 
3816.349667  	101.494586 
3817.786546  	101.501847 
3819.223425  	101.391219 
3820.660303  	101.397760 
3822.097182  	101.565115 
3823.534060  	101.567334 
3824.970939  	101.353383 
3826.407818  	101.270004 
3827.844696  	101.419536 
3829.281575  	101.461297 
3830.718454  	101.354394 
3832.155332  	101.319612 
3833.592211  	101.365763 
3835.029090  	101.418748 
3836.465968  	101.649534 
3837.902847  	101.801966 
3839.339726  	101.501722 
3840.776604  	101.408990 
3842.213483  	101.519627 
3843.650361  	101.362477 
3845.087240  	101.220008 
3846.524119  	101.357428 
3847.960997  	101.447594 
3849.397876  	101.431356 
3850.834755  	101.444375 
3852.271633  	101.523552 
3853.708512  	101.448761 
3855.145391  	101.478436 
3856.582269  	101.533258 
3858.019148  	101.467931 
3859.456026  	101.413432 
3860.892905  	101.476789 
3862.329784  	101.545179 
3863.766662  	101.435392 
3865.203541  	101.322420 
3866.640420  	101.390085 
3868.077298  	101.421680 
3869.514177  	101.345789 
3870.951056  	101.282883 
3872.387934  	101.422879 
3873.824813  	101.511381 
3875.261692  	101.567749 
3876.698570  	101.511827 
3878.135449  	101.423888 
3879.572327  	101.356598 
3881.009206  	101.392975 
3882.446085  	101.277329 
3883.882963  	101.115253 
3885.319842  	101.100731 
3886.756721  	101.257430 
3888.193599  	101.397553 
3889.630478  	101.444608 
3891.067357  	101.514003 
3892.504235  	101.529151 
3893.941114  	101.448308 
3895.377992  	101.353934 
3896.814871  	101.275754 
3898.251750  	101.199156 
3899.688628  	101.324977 
3901.125507  	101.640838 
3902.562386  	101.507156 
3903.999264  	101.092810 
3905.436143  	101.158607 
3906.873022  	101.371893 
3908.309900  	101.290424 
3909.746779  	101.198185 
3911.183658  	101.220579 
3912.620536  	101.270431 
3914.057415  	101.337036 
3915.494293  	101.333060 
3916.931172  	101.246522 
3918.368051  	101.274447 
3919.804929  	101.423681 
3921.241808  	101.431688 
3922.678687  	101.303501 
3924.115565  	101.264893 
3925.552444  	101.362312 
3926.989323  	101.390492 
3928.426201  	101.298591 
3929.863080  	101.273688 
3931.299958  	101.344559 
3932.736837  	101.334599 
3934.173716  	101.270849 
3935.610594  	101.302883 
3937.047473  	101.367658 
3938.484352  	101.404567 
3939.921230  	101.443529 
3941.358109  	101.452259 
3942.794988  	101.407418 
3944.231866  	101.384325 
3945.668745  	101.368058 
3947.105624  	101.304115 
3948.542502  	101.255693 
3949.979381  	101.280028 
3951.416259  	101.321104 
3952.853138  	101.365596 
3954.290017  	101.385818 
3955.726895  	101.379765 
3957.163774  	101.394365 
3958.600653  	101.398067 
3960.037531  	101.359414 
3961.474410  	101.315224 
3962.911289  	101.314265 
3964.348167  	101.362865 
3965.785046  	101.393411 
3967.221924  	101.360049 
3968.658803  	101.331711 
3970.095682  	101.362135 
3971.532560  	101.405124 
3972.969439  	101.398550 
3974.406318  	101.338007 
3975.843196  	101.307025 
3977.280075  	101.350709 
3978.716954  	101.399575 
3980.153832  	101.414900 
3981.590711  	101.424370 
3983.027590  	101.446673 
3984.464468  	101.446226 
3985.901347  	101.403482 
3987.338225  	101.387081 
3988.775104  	101.417271 
3990.211983  	101.443997 
3991.648861  	101.457182 
3993.085740  	101.426170 
3994.522619  	101.371293 
3995.959497  	101.385080 
3997.396376  	101.433292 
3998.833255  	101.454089 
4000.270133  	101.458807 